Date,Open,High,Low,Close,Volume,Adj Close
2008-03-17,50.00,52.65,49.24,49.39,1988000,37.59
2008-03-18,49.85,52.00,47.75,49.60,8067600,37.75
2008-03-19,49.60,51.00,46.90,50.10,3007700,38.13
2008-03-20,50.20,50.20,48.87,49.15,3007700,37.41
2008-03-24,49.81,51.00,49.81,51.00,1437000,38.82
2008-03-25,51.40,51.75,50.60,51.75,1100800,39.39
2008-03-26,51.70,52.47,50.30,50.30,2023200,38.28
2008-03-27,50.95,52.03,50.00,50.68,8653300,38.57
2008-03-28,50.95,52.50,50.56,51.06,9961200,38.86
2008-03-31,52.40,54.70,50.00,50.58,19408900,38.50
2008-04-01,51.10,52.19,49.01,50.58,23322500,38.50
2008-04-02,51.16,52.07,50.15,51.21,12944700,38.97
2008-04-03,51.00,51.50,50.40,51.05,12439100,38.85
2008-04-04,51.48,51.48,50.80,51.37,6651000,39.10
2008-04-07,51.60,51.60,50.50,50.67,7099300,38.56
2008-04-08,50.41,51.01,50.21,50.60,8283300,38.51
2008-04-09,50.50,50.59,49.15,49.38,8916200,37.58
2008-04-10,49.49,49.91,48.50,48.66,14321900,37.03
2008-04-11,48.49,48.89,48.08,48.33,11400700,36.78
2008-04-14,48.30,48.35,47.43,48.00,11532500,36.53
2008-04-15,47.78,48.35,47.78,48.20,9603400,36.68
2008-04-16,48.41,49.61,48.35,49.46,14837600,37.64
2008-04-17,49.72,50.00,49.42,49.85,6660700,37.94
2008-04-18,50.49,50.94,49.38,49.96,9630700,38.02
2008-04-21,50.20,50.89,49.13,50.63,6528300,38.53
2008-04-22,50.60,50.90,49.92,50.07,5504900,38.11
2008-04-23,51.00,52.34,50.90,52.00,13532300,39.58
2008-04-24,52.00,52.43,51.50,52.00,5847500,39.58
2008-04-25,52.14,52.18,50.75,51.30,11399700,39.04
2008-04-28,50.94,51.30,50.75,51.07,8382500,38.87
2008-04-29,51.44,52.20,50.26,52.01,12325300,39.58
2008-04-30,51.70,52.01,50.91,51.03,8733100,38.84
2008-05-01,50.83,51.17,50.62,50.75,7120800,38.62
2008-05-02,50.90,51.10,50.40,51.02,9291100,38.83
2008-05-05,50.87,51.63,50.63,50.81,8398500,38.67
2008-05-06,50.90,51.95,50.85,51.88,7588300,39.48
2008-05-07,51.97,52.20,51.31,51.69,6391400,39.34
2008-05-08,51.65,52.21,51.50,52.20,6669700,39.73
2008-05-09,51.90,52.46,51.53,51.83,5491700,39.45
2008-05-12,51.98,52.54,51.30,52.47,5851300,39.93
2008-05-13,52.42,52.84,52.04,52.46,5986600,39.93
2008-05-14,52.51,52.85,52.40,52.67,5381500,40.09
2008-05-15,52.51,53.31,52.10,53.25,8376500,40.53
2008-05-16,53.23,53.50,52.35,53.38,7172600,40.63
2008-05-19,53.49,53.95,52.93,53.63,6580200,40.82
2008-05-20,53.30,53.94,52.82,52.91,6887400,40.27
2008-05-21,53.04,53.18,51.83,51.98,6784200,39.56
2008-05-22,51.82,52.77,51.78,52.28,5135200,39.79
2008-05-23,52.10,52.98,51.75,51.80,5197400,39.42
2008-05-27,51.92,51.94,51.12,51.63,6505400,39.29
2008-05-28,51.70,51.90,50.83,51.16,13524100,38.94
2008-05-29,50.96,52.16,50.93,52.02,7386900,39.59
2008-05-30,52.07,52.99,51.81,52.66,7047800,40.08
2008-06-02,52.15,52.70,51.92,52.11,8668100,39.66
2008-06-03,52.10,52.62,51.67,51.67,6552400,39.33
2008-06-04,51.69,52.27,51.50,51.95,6407400,39.54
2008-06-05,52.03,52.24,51.54,51.81,6407400,39.43
2008-06-06,51.50,51.51,50.40,50.50,10198500,38.43
2008-06-09,50.80,50.95,49.18,49.49,9937000,37.67
2008-06-10,49.01,49.65,48.53,49.49,8847000,37.67
2008-06-11,49.49,50.60,49.12,49.86,12367200,37.95
2008-06-12,49.87,51.38,49.87,51.29,11782900,39.04
2008-06-13,51.28,51.88,50.70,51.61,7365600,39.28
2008-06-16,51.17,51.17,50.24,50.73,8251100,38.61
2008-06-17,50.55,50.97,50.12,50.63,5633800,38.53
2008-06-18,50.22,50.56,49.82,49.90,9967500,37.98
2008-06-19,49.80,50.58,49.70,50.40,9591400,38.36
2008-06-20,50.07,50.59,49.77,50.22,11448200,38.22
2008-06-23,50.33,50.70,49.90,50.64,6625800,38.54
2008-06-24,50.25,51.54,50.05,51.17,8976600,38.94
2008-06-25,51.45,52.75,51.25,51.77,10334100,39.40
2008-06-26,51.10,51.54,50.15,50.15,12055000,38.51
2008-06-27,50.11,50.25,49.22,49.83,15397700,38.26
2008-06-30,49.80,50.17,48.84,49.39,9972600,37.93
2008-07-01,49.03,50.59,48.73,50.39,11092000,38.69
2008-07-02,50.47,51.07,49.87,50.60,7956400,38.86
2008-07-03,50.57,51.51,50.29,51.47,5151300,39.52
2008-07-07,51.47,52.33,51.10,51.85,8395000,39.82
2008-07-08,51.73,54.00,51.56,53.77,13977700,41.29
2008-07-09,53.72,54.43,53.25,54.00,10411300,41.47
2008-07-10,53.89,53.99,52.71,53.44,11581100,41.04
2008-07-11,52.93,53.84,52.25,53.37,6588500,40.98
2008-07-14,53.26,53.89,52.75,53.56,8298900,41.13
2008-07-15,52.89,53.87,52.32,53.30,8306600,40.93
2008-07-16,52.77,53.37,51.73,52.92,6910000,40.64
2008-07-17,53.20,53.20,50.90,50.96,10317300,39.13
2008-07-18,51.10,51.47,50.12,50.72,9559600,38.95
2008-07-21,50.82,50.99,50.25,50.48,4370800,38.76
2008-07-22,50.25,52.10,50.06,52.05,8926900,39.97
2008-07-23,52.59,52.59,50.89,51.47,7943800,39.52
2008-07-24,51.40,53.09,51.40,52.46,8717600,40.28
2008-07-25,52.27,53.55,52.27,53.05,8066100,40.74
2008-07-28,52.78,53.25,52.34,52.62,5131000,40.41
2008-07-29,52.74,53.41,52.63,53.34,7257600,40.96
2008-07-30,53.56,54.02,52.67,53.37,7355800,40.98
2008-07-31,53.37,53.79,51.34,51.65,10498800,39.66
2008-08-01,51.75,52.60,51.75,52.08,6718500,39.99
2008-08-04,52.10,54.08,51.28,53.72,8962600,41.25
2008-08-05,53.70,55.54,53.60,55.20,12884400,42.39
2008-08-06,54.86,56.15,54.71,55.53,12660800,42.64
2008-08-07,55.13,55.31,54.30,54.64,9282200,41.96
2008-08-08,54.50,55.50,54.50,55.21,9266200,42.40
2008-08-11,54.70,55.75,54.64,55.75,9724400,42.81
2008-08-12,55.61,56.26,55.52,55.95,6690400,42.96
2008-08-13,55.86,55.99,55.37,55.54,7810200,42.65
2008-08-14,55.24,55.77,54.94,55.47,5723200,42.60
2008-08-15,55.51,55.70,55.25,55.57,6561300,42.67
2008-08-18,55.66,55.70,54.91,55.01,5742800,42.24
2008-08-19,54.76,55.19,54.45,54.51,5712500,41.86
2008-08-20,54.55,54.70,54.07,54.61,4411500,41.94
2008-08-21,54.20,55.05,53.55,54.82,4693100,42.10
2008-08-22,55.00,55.53,54.41,55.53,4342600,42.64
2008-08-25,55.30,55.66,54.56,54.87,4400200,42.13
2008-08-26,54.79,55.10,54.21,54.64,6995000,41.96
2008-08-27,54.75,54.89,53.71,54.10,5459100,41.54
2008-08-28,54.01,54.26,53.55,53.92,5426100,41.41
2008-08-29,53.76,54.46,53.66,53.70,6060100,41.24
2008-09-02,53.75,55.32,53.70,54.81,8835700,42.09
2008-09-03,54.75,55.48,54.00,54.07,8236900,41.52
2008-09-04,54.00,54.20,53.21,53.37,7565900,40.98
2008-09-05,53.35,54.21,53.24,54.00,7810500,41.47
2008-09-08,54.00,55.40,53.69,54.98,16614500,42.22
2008-09-09,55.03,55.73,54.78,54.78,11236800,42.07
2008-09-10,54.90,55.18,54.32,54.62,9203000,41.94
2008-09-11,54.28,54.81,53.75,54.81,8566700,42.51
2008-09-12,54.39,54.65,53.25,53.68,8564300,41.63
2008-09-15,53.14,54.12,52.82,52.82,10481900,40.97
2008-09-16,51.97,54.25,49.46,53.77,15648800,41.70
2008-09-17,53.49,53.49,48.06,48.98,22145900,37.99
2008-09-18,49.72,52.75,49.72,50.00,22618300,38.78
2008-09-19,52.17,52.44,50.00,51.42,16822000,39.88
2008-09-22,50.81,51.98,49.59,50.03,10379600,38.80
2008-09-23,49.89,50.80,49.25,49.25,8218900,38.20
2008-09-24,49.54,50.19,48.95,49.79,9164800,38.62
2008-09-25,49.99,52.00,49.66,51.61,12454800,40.03
2008-09-26,50.76,51.38,50.01,50.90,9314100,39.48
2008-09-29,50.69,50.89,46.80,46.80,14648300,36.30
2008-09-30,48.10,49.75,47.69,48.10,14356400,37.30
2008-10-01,47.96,50.82,47.35,50.78,11718100,39.38
2008-10-02,50.39,51.95,48.75,49.08,11218400,38.07
2008-10-03,49.90,51.78,49.45,49.67,12181100,38.52
2008-10-06,48.44,49.50,44.00,46.12,25421600,35.77
2008-10-07,47.65,47.80,43.72,44.36,14791700,34.40
2008-10-08,41.95,45.27,41.37,43.05,18701800,33.39
2008-10-09,43.80,45.00,38.45,39.00,17782900,30.25
2008-10-10,37.01,45.00,33.30,39.74,29162700,30.82
2008-10-13,42.00,46.00,41.46,44.99,19808100,34.89
2008-10-14,46.87,46.96,42.19,44.04,18448000,34.16
2008-10-15,43.87,44.50,39.70,40.82,14561500,31.66
2008-10-16,41.15,43.88,39.40,43.01,17459500,33.36
2008-10-17,42.79,45.48,42.41,43.30,14269900,33.58
2008-10-20,43.77,45.09,43.00,43.39,11162500,33.65
2008-10-21,43.09,43.89,41.67,42.16,9769500,32.70
2008-10-22,42.50,43.37,40.30,40.83,14755100,31.67
2008-10-23,41.17,43.72,40.00,42.96,11903100,33.32
2008-10-24,39.88,41.50,39.00,40.50,13534300,31.41
2008-10-27,40.02,40.25,38.87,39.06,11106600,30.29
2008-10-28,40.26,42.98,38.27,42.58,15876000,33.02
2008-10-29,42.46,43.83,38.21,41.55,12468400,32.22
2008-10-30,42.78,43.43,40.75,42.80,8336900,33.19
2008-10-31,42.44,44.32,41.87,43.47,11919800,33.71
2008-11-03,43.23,43.35,42.46,42.61,6143200,33.05
2008-11-04,43.75,44.94,43.40,44.75,9852900,34.71
2008-11-05,43.93,46.47,43.51,44.02,10004000,34.14
2008-11-06,43.51,44.00,40.36,40.88,11733200,31.71
2008-11-07,41.15,42.88,41.01,42.20,6935200,32.73
2008-11-10,42.88,43.27,41.30,42.11,6064100,32.66
2008-11-11,41.80,42.27,40.32,41.32,6880000,32.05
2008-11-12,41.00,41.00,38.75,39.10,13244600,30.32
2008-11-13,38.58,39.89,37.01,39.84,16381800,30.90
2008-11-14,39.40,39.66,38.00,38.41,15140300,29.79
2008-11-17,37.17,39.98,37.16,38.35,10496100,29.74
2008-11-18,38.33,39.00,36.59,38.55,16243100,29.90
2008-11-19,38.31,38.76,36.23,36.64,13955700,28.42
2008-11-20,36.22,39.43,36.05,36.63,19557600,28.41
2008-11-21,37.48,38.37,36.00,38.26,19190300,29.67
2008-11-24,38.99,43.24,38.24,41.83,19287100,32.44
2008-11-25,42.28,43.31,40.42,41.20,18246400,31.95
2008-11-26,40.43,42.56,39.82,42.50,8658000,32.96
2008-11-28,42.33,42.95,41.65,42.16,4651400,32.70
2008-12-01,40.91,41.64,39.38,39.68,11708900,30.77
2008-12-02,40.35,40.59,39.10,40.03,12697300,31.05
2008-12-03,39.00,41.95,39.00,41.61,9148700,32.27
2008-12-04,41.20,41.95,40.41,40.86,10659500,31.69
2008-12-05,40.28,42.40,39.97,42.36,11548000,32.85
2008-12-08,43.25,43.50,41.75,42.66,10048200,33.09
2008-12-09,41.80,42.40,41.78,41.97,12248300,32.55
2008-12-10,41.95,42.69,41.42,42.30,10514500,32.81
2008-12-11,41.91,42.74,41.51,41.95,10582000,32.54
2008-12-12,40.75,41.71,40.20,41.36,8789500,32.08
2008-12-15,41.05,41.90,40.12,41.54,10763100,32.22
2008-12-16,41.14,41.60,40.00,41.02,16539600,31.81
2008-12-17,40.50,42.81,40.50,42.03,12391700,32.60
2008-12-18,42.23,42.98,41.59,41.96,13240600,32.54
2008-12-19,42.42,42.99,41.73,41.85,23861000,32.46
2008-12-22,41.91,42.28,41.44,42.17,9734300,32.71
2008-12-23,41.36,42.81,41.35,41.73,7614700,32.78
2008-12-24,41.98,42.58,41.40,42.42,2736400,33.33
2008-12-26,42.58,42.93,42.25,42.46,2911500,33.36
2008-12-29,42.50,43.17,42.02,43.16,10159000,33.91
2008-12-30,43.39,44.15,43.01,43.91,8737700,34.50
2008-12-31,43.93,44.50,43.31,43.51,7886100,34.18
2009-01-02,43.47,45.00,43.28,44.12,7250900,34.66
2009-01-05,43.79,44.73,43.51,44.47,6636900,34.94
2009-01-06,44.47,45.02,42.93,43.24,14051200,33.97
2009-01-07,43.07,43.65,42.37,42.70,9346100,33.55
2009-01-08,42.57,42.89,42.00,42.70,8728300,33.55
2009-01-09,42.86,43.33,42.11,42.32,8594600,33.25
2009-01-12,42.31,43.03,41.65,41.83,8829000,32.86
2009-01-13,41.89,42.80,41.63,42.19,9938300,33.15
2009-01-14,41.44,41.74,40.66,41.56,10078000,32.65
2009-01-15,41.33,41.94,40.70,41.48,9398100,32.59
2009-01-16,41.93,42.45,40.94,42.12,9670400,33.09
2009-01-20,41.98,42.86,41.33,41.48,9878900,32.59
2009-01-21,42.03,42.03,40.40,41.41,10609200,32.53
2009-01-22,41.10,41.22,40.40,40.96,9756100,32.18
2009-01-23,40.53,41.44,39.75,41.22,9972300,32.38
2009-01-26,41.32,42.38,40.88,41.13,9750300,32.31
2009-01-27,41.28,41.82,40.02,40.15,11807500,31.54
2009-01-28,40.81,40.84,39.60,39.99,9369300,31.42
2009-01-29,39.71,40.20,38.66,38.75,9528900,30.44
2009-01-30,38.97,39.01,36.99,37.15,19184600,29.19
2009-02-02,36.68,37.73,36.65,37.41,11974800,29.39
2009-02-03,37.98,38.65,37.47,38.32,11844600,30.11
2009-02-04,38.51,38.71,35.15,36.78,20294800,28.90
2009-02-05,36.11,37.30,35.82,37.26,14638200,29.27
2009-02-06,37.21,37.46,36.52,36.83,12779500,28.93
2009-02-09,36.75,37.03,36.53,36.72,8706900,28.85
2009-02-10,36.65,36.90,35.90,36.04,12692000,28.31
2009-02-11,36.31,36.56,35.95,36.37,10399900,28.57
2009-02-12,36.01,36.47,35.80,36.15,11930000,28.40
2009-02-13,36.09,36.26,35.68,35.99,11326400,28.27
2009-02-17,35.32,35.40,34.50,34.73,12750800,27.28
2009-02-18,34.96,35.63,34.79,35.40,13314100,27.81
2009-02-19,35.82,36.04,35.41,35.91,9859700,28.21
2009-02-20,35.29,35.92,35.25,35.63,13236100,27.99
2009-02-23,36.07,36.07,35.03,35.11,10778400,27.58
2009-02-24,35.34,35.34,34.60,34.90,12551600,27.42
2009-02-25,34.78,35.20,34.51,34.80,26323300,27.34
2009-02-26,35.08,35.45,34.20,34.21,10910900,26.88
2009-02-27,33.66,34.11,33.42,33.47,13862200,26.30
2009-03-02,32.79,33.50,32.53,32.75,16290300,25.73
2009-03-03,32.61,33.05,32.25,32.34,14967700,25.41
2009-03-04,32.86,33.72,32.60,33.49,14920300,26.31
2009-03-05,32.79,33.10,32.04,32.95,16889400,25.89
2009-03-06,33.19,33.45,32.51,33.34,15374600,26.19
2009-03-09,33.00,34.28,32.96,34.07,12549200,26.77
2009-03-10,34.59,34.59,33.36,34.05,11017200,26.75
2009-03-11,34.33,34.44,33.46,33.65,9251500,26.44
2009-03-12,33.75,34.71,33.28,34.64,7669500,27.21
2009-03-13,34.85,36.15,34.75,36.01,11342200,28.29
2009-03-16,36.22,37.45,36.17,37.16,9206700,29.19
2009-03-17,36.86,38.78,36.47,38.60,13755200,30.33
2009-03-18,38.22,39.26,37.95,38.28,12208500,30.07
2009-03-19,38.26,38.40,37.15,37.21,12822800,29.23
2009-03-20,37.40,38.69,37.40,38.36,18304800,30.14
2009-03-23,38.65,38.65,37.57,38.12,13056400,30.38
2009-03-24,37.72,39.09,37.72,38.80,13010100,30.92
2009-03-25,39.10,39.28,38.19,38.58,7969300,30.74
2009-03-26,38.81,38.84,37.97,38.30,12736300,30.52
2009-03-27,38.36,38.39,37.27,37.58,8728900,29.95
2009-03-30,37.49,37.88,36.45,36.73,8717500,29.27
2009-03-31,36.60,36.94,35.49,35.58,14856400,28.35
2009-04-01,35.22,36.37,35.15,36.22,10944400,28.86
2009-04-02,36.44,36.63,35.69,36.09,13244100,28.76
2009-04-03,36.04,36.39,35.80,36.20,10122200,28.85
2009-04-06,36.29,37.45,35.97,37.33,8652200,29.75
2009-04-07,36.85,37.50,36.60,36.98,11754800,29.47
2009-04-08,37.18,38.35,36.65,38.25,8867500,30.48
2009-04-09,38.96,38.96,37.44,37.71,7901000,30.05
2009-04-13,37.51,37.82,36.97,37.08,6492600,29.55
2009-04-14,36.74,36.80,35.91,36.44,8350900,29.04
2009-04-15,36.22,37.87,36.22,37.80,8083600,30.12
2009-04-16,38.08,38.08,37.02,38.00,7073300,30.28
2009-04-17,38.09,38.17,37.18,37.32,8923900,29.74
2009-04-20,36.88,37.63,36.69,36.91,8869300,29.41
2009-04-21,36.81,37.14,36.46,36.89,7414300,29.40
2009-04-22,36.66,37.22,36.25,36.25,9480500,28.89
2009-04-23,36.42,37.35,36.03,37.00,8630200,29.48
2009-04-24,37.26,37.96,37.05,37.43,9252600,29.83
2009-04-27,36.97,37.65,36.97,37.19,7162400,29.63
2009-04-28,36.80,37.37,36.65,36.83,7996400,29.35
2009-04-29,36.85,37.63,36.58,36.84,9783500,29.36
2009-04-30,37.06,37.34,36.19,36.20,18185200,28.85
2009-05-01,36.28,37.20,36.18,37.18,8875400,29.63
2009-05-04,37.28,38.20,37.20,38.13,8676300,30.38
2009-05-05,37.94,38.28,37.18,37.29,6827400,29.71
2009-05-06,37.70,39.60,37.25,39.29,11361000,31.31
2009-05-07,39.48,40.91,39.02,40.87,14231000,32.57
2009-05-08,41.18,41.66,40.51,41.10,8746800,32.75
2009-05-11,40.51,40.91,40.05,40.55,7628300,32.31
2009-05-12,40.76,42.17,40.33,41.84,10475100,33.34
2009-05-13,41.38,42.04,40.87,41.77,8644100,33.28
2009-05-14,41.72,42.70,41.63,42.42,9419200,33.80
2009-05-15,42.45,43.33,41.85,43.17,11214600,34.40
2009-05-18,43.45,43.70,42.48,42.69,9992400,34.02
2009-05-19,42.60,42.72,41.98,42.22,9561600,33.64
2009-05-20,42.53,43.47,42.06,43.19,7575100,34.42
2009-05-21,43.13,43.13,42.30,42.81,7137700,34.11
2009-05-22,42.14,43.18,42.14,42.71,5314000,34.03
2009-05-26,42.46,42.57,41.85,42.13,10845800,33.57
2009-05-27,42.05,42.10,41.32,41.65,8896000,33.19
2009-05-28,41.45,42.88,41.45,42.54,7339600,33.90
2009-05-29,42.72,42.72,41.95,42.64,8213000,33.98
2009-06-01,42.68,43.88,42.68,43.63,9056300,34.77
2009-06-02,43.49,44.89,43.33,44.60,7371900,35.54
2009-06-03,44.14,44.53,43.92,44.19,10864300,35.21
2009-06-04,44.15,44.66,43.44,44.43,7750800,35.40
2009-06-05,44.70,45.44,44.06,44.10,8512800,35.14
2009-06-08,43.78,44.97,43.44,44.53,6577900,35.48
2009-06-09,44.57,44.57,43.55,43.85,11056800,34.94
2009-06-10,43.86,44.29,42.79,43.52,8962500,34.68
2009-06-11,43.42,44.99,43.40,43.88,10803200,34.97
2009-06-12,43.67,44.50,43.20,43.52,7668100,34.68
2009-06-15,43.09,43.58,42.83,42.89,10373700,34.18
2009-06-16,43.10,43.28,42.22,42.26,9264500,33.67
2009-06-17,42.22,42.36,41.82,41.90,8242700,33.39
2009-06-18,42.04,43.12,41.94,42.53,10791600,33.89
2009-06-19,42.71,42.90,42.00,42.15,17642100,33.59
2009-06-22,41.54,41.76,41.15,41.58,14083200,33.56
2009-06-23,41.31,41.73,41.28,41.46,10973300,33.47
2009-06-24,41.56,41.99,41.34,41.63,9114600,33.60
2009-06-25,41.42,43.06,41.38,42.98,8934400,34.69
2009-06-26,41.90,42.99,41.75,42.61,8200400,34.39
2009-06-29,42.77,43.44,42.50,43.39,7483800,35.02
2009-06-30,43.47,43.72,42.51,43.62,14363200,35.21
2009-07-01,43.90,44.61,43.80,44.09,9547600,35.59
2009-07-02,43.60,43.98,42.83,42.94,8503900,34.66
2009-07-06,42.60,44.32,42.30,44.15,7843300,35.64
2009-07-07,44.06,44.84,43.64,43.75,9543000,35.31
2009-07-08,43.99,44.24,43.24,43.49,8664800,35.10
2009-07-09,43.66,43.66,42.13,42.34,7482700,34.18
2009-07-10,43.06,43.57,42.02,42.35,6827000,34.18
2009-07-13,42.54,43.12,42.29,42.90,6203100,34.63
2009-07-14,42.87,42.98,42.52,42.66,6033000,34.43
2009-07-15,42.88,44.08,42.75,44.03,6779000,35.54
2009-07-16,43.50,43.87,43.01,43.30,7422300,34.95
2009-07-17,43.50,44.07,43.03,44.00,6574300,35.52
2009-07-20,44.22,44.22,43.23,43.95,9231100,35.48
2009-07-21,44.07,44.49,43.35,43.90,5925600,35.44
2009-07-22,43.80,44.25,43.71,43.88,5176300,35.42
2009-07-23,44.44,47.00,44.35,46.02,11303200,37.15
2009-07-24,45.90,47.39,45.59,47.30,9537600,38.18
2009-07-27,47.17,48.63,46.34,46.70,8754300,37.70
2009-07-28,45.74,46.58,45.74,46.48,7305300,37.52
2009-07-29,46.25,46.96,46.03,46.82,5761000,37.79
2009-07-30,46.91,47.49,46.65,46.82,6425200,37.79
2009-07-31,46.68,47.74,46.43,46.60,6473700,37.62
2009-08-03,47.03,47.89,46.65,46.82,9388900,37.79
2009-08-04,46.78,47.35,46.55,46.98,5132200,37.92
2009-08-05,46.91,47.06,46.50,46.77,6272700,37.75
2009-08-06,46.84,47.02,46.34,46.99,4758300,37.93
2009-08-07,47.31,47.47,46.70,47.06,5111600,37.99
2009-08-10,46.63,47.24,46.59,47.20,5780900,38.10
2009-08-11,47.19,47.80,46.73,46.79,6113300,37.77
2009-08-12,46.60,47.15,46.48,46.54,5808900,37.57
2009-08-13,46.54,46.78,46.05,46.43,5642900,37.48
2009-08-14,46.31,46.95,46.03,46.62,4689400,37.63
2009-08-17,46.08,46.74,45.39,45.46,7421600,36.69
2009-08-18,45.45,46.70,45.03,46.32,6601600,37.39
2009-08-19,46.00,46.10,45.40,45.79,7579800,36.96
2009-08-20,45.78,46.64,45.62,46.48,5494100,37.52
2009-08-21,46.70,47.18,46.39,46.87,7337000,37.83
2009-08-24,46.67,47.56,46.67,47.43,6390600,38.29
2009-08-25,47.34,47.52,46.78,46.80,9507000,37.78
2009-08-26,46.63,47.25,46.55,46.68,7146900,37.68
2009-08-27,46.67,46.90,46.00,46.27,6784100,37.35
2009-08-28,46.10,46.26,45.29,45.36,7727300,36.61
2009-08-31,45.24,45.90,45.24,45.71,8126700,36.90
2009-09-01,45.67,45.93,45.08,45.16,7414300,36.45
2009-09-02,45.05,45.99,45.00,45.64,6145200,36.84
2009-09-03,45.95,45.95,45.13,45.82,7037900,36.99
2009-09-04,45.76,46.14,45.65,46.05,4768900,37.17
2009-09-08,46.39,47.48,45.92,47.45,10048800,38.30
2009-09-09,47.25,47.63,46.76,47.22,6826100,38.12
2009-09-10,47.24,47.48,46.46,46.82,6629700,37.79
2009-09-11,46.75,47.84,46.62,47.42,7410600,38.28
2009-09-14,47.01,47.99,46.81,47.66,7043700,38.47
2009-09-15,47.75,47.90,46.71,46.90,7110100,37.86
2009-09-16,47.12,47.55,46.92,47.50,7671100,38.34
2009-09-17,47.51,48.02,47.47,47.53,7710400,38.37
2009-09-18,47.65,48.50,47.65,48.18,17568500,38.89
2009-09-21,48.10,48.54,48.00,48.43,5370500,39.09
2009-09-22,48.65,48.93,48.22,48.93,7484100,39.50
2009-09-23,49.04,49.95,48.90,49.40,8995600,39.88
2009-09-24,49.10,49.10,48.15,48.29,10624100,39.44
2009-09-25,48.10,48.20,47.50,47.64,6395200,38.91
2009-09-28,47.70,48.29,47.66,48.02,4432700,39.22
2009-09-29,48.14,48.96,48.02,48.72,5636300,39.79
2009-09-30,48.71,48.85,47.91,48.74,8976900,39.81
2009-10-01,48.68,48.74,48.12,48.32,7630200,39.47
2009-10-02,48.12,48.49,48.00,48.36,6963100,39.50
2009-10-05,48.50,49.27,47.77,49.05,9709500,40.06
2009-10-06,49.17,50.03,49.13,49.91,8904300,40.77
2009-10-07,49.80,49.86,49.40,49.59,9683800,40.50
2009-10-08,49.86,50.60,49.74,50.35,7524100,41.12
2009-10-09,50.67,50.97,49.86,50.19,5219400,40.99
2009-10-12,50.38,50.55,50.05,50.45,3310400,41.21
2009-10-13,50.28,50.40,49.64,49.88,5416900,40.74
2009-10-14,50.12,50.58,49.51,50.33,5591900,41.11
2009-10-15,50.09,50.70,50.08,50.38,7219200,41.15
2009-10-16,50.19,51.25,50.08,50.95,8630700,41.61
2009-10-19,51.06,51.78,50.76,51.45,6689900,42.02
2009-10-20,51.56,52.35,51.45,51.55,8639700,42.11
2009-10-21,51.30,51.70,50.43,50.82,7966000,41.51
2009-10-22,50.69,50.79,48.50,49.46,13783700,40.40
2009-10-23,49.37,49.44,48.68,49.07,7676500,40.08
2009-10-26,49.26,49.52,48.60,48.75,7051800,39.82
2009-10-27,48.78,49.25,48.39,48.91,7695000,39.95
2009-10-28,48.65,49.47,48.58,48.96,8683600,39.99
2009-10-29,48.99,49.33,48.45,49.01,7444900,40.03
2009-10-30,49.00,49.00,47.07,47.36,15503500,38.68
2009-11-02,47.38,48.71,47.08,48.57,9781700,39.67
2009-11-03,48.26,48.38,47.65,47.85,8170400,39.08
2009-11-04,48.03,48.22,47.29,47.38,8214700,38.70
2009-11-05,47.60,48.79,47.60,48.66,8068900,39.74
2009-11-06,48.48,48.92,48.19,48.83,6527600,39.88
2009-11-09,49.11,50.00,48.95,49.87,6462200,40.73
2009-11-10,49.62,50.37,49.43,49.83,5521100,40.70
2009-11-11,50.07,50.25,49.29,49.35,4880900,40.31
2009-11-12,49.26,50.25,49.25,49.96,6943900,40.81
2009-11-13,50.07,50.29,49.74,50.15,5836000,40.96
2009-11-16,50.10,50.85,50.00,50.64,8650100,41.36
2009-11-17,50.51,50.98,50.41,50.61,6530400,41.34
2009-11-18,50.49,50.61,50.20,50.52,6059900,41.26
2009-11-19,50.21,50.38,49.91,50.14,6392100,40.95
2009-11-20,50.01,50.28,49.63,49.73,7772400,40.62
2009-11-23,49.88,50.38,49.67,50.07,7239600,40.90
2009-11-24,50.09,50.72,50.05,50.32,8046800,41.10
2009-11-25,50.35,50.57,50.15,50.31,5797300,41.09
2009-11-27,49.49,50.25,49.12,49.99,3605100,40.83
2009-11-30,49.96,49.99,48.01,48.09,17340200,39.28
2009-12-01,48.53,49.47,48.50,49.17,9529700,40.16
2009-12-02,49.17,49.83,49.06,49.17,5426800,40.16
2009-12-03,49.20,49.83,49.13,49.48,8830500,40.41
2009-12-04,49.78,50.50,49.42,49.82,8208200,40.69
2009-12-07,49.61,50.15,49.54,49.84,8917400,40.71
2009-12-08,49.60,49.91,48.45,49.04,8198300,40.05
2009-12-09,49.49,49.67,48.66,49.06,7889500,40.07
2009-12-10,49.27,49.59,48.70,48.87,6891500,39.92
2009-12-11,48.87,49.32,48.40,48.48,9229600,39.60
2009-12-14,49.56,50.44,49.33,50.26,12467800,41.05
2009-12-15,49.81,50.39,49.75,50.07,7803800,40.90
2009-12-16,50.00,50.54,49.93,50.08,9946200,40.90
2009-12-17,49.96,49.98,49.21,49.29,8658000,40.26
2009-12-18,49.77,49.77,48.32,48.66,20178700,39.74
2009-12-21,49.15,49.46,48.99,49.25,9102000,40.23
2009-12-22,49.42,49.83,49.35,49.60,7071100,40.51
2009-12-23,48.93,49.32,48.72,48.80,7117600,40.33
2009-12-24,48.76,49.08,48.76,48.90,2514400,40.41
2009-12-28,48.90,49.08,48.73,48.85,4449200,40.37
2009-12-29,48.78,48.99,48.60,48.85,4916000,40.37
2009-12-30,48.59,48.95,48.46,48.66,4561400,40.21
2009-12-31,48.59,48.88,48.12,48.19,4383100,39.83
2010-01-04,48.33,49.59,48.25,49.35,7844500,40.79
2010-01-05,49.37,49.57,48.76,48.92,7168600,40.43
2010-01-06,48.66,49.00,48.29,48.92,11777200,40.43
2010-01-07,48.77,49.60,48.56,49.53,8905400,40.93
2010-01-08,49.32,49.52,48.78,49.26,6580800,40.71
2010-01-11,49.78,49.80,49.25,49.44,6090900,40.86
2010-01-12,49.37,49.37,48.85,49.17,6752900,40.64
2010-01-13,49.17,49.89,49.17,49.67,5926400,41.05
2010-01-14,49.48,49.98,49.48,49.60,4602200,40.99
2010-01-15,49.66,49.97,49.46,49.62,8269200,41.01
2010-01-19,49.60,50.20,49.51,50.09,8804100,41.40
2010-01-20,49.90,49.91,48.70,49.24,6461400,40.69
2010-01-21,49.22,49.31,47.59,47.73,10276000,39.45
2010-01-22,47.60,47.77,46.71,46.81,8717000,38.69
2010-01-25,47.09,47.63,47.02,47.05,5880900,38.88
2010-01-26,46.69,47.40,46.69,47.00,5858200,38.84
2010-01-27,46.85,47.10,46.22,46.64,5177700,38.55
2010-01-28,46.66,47.10,46.02,46.21,5594200,38.19
2010-01-29,46.53,47.09,45.43,45.51,7064100,37.61
2010-02-01,45.74,46.23,45.63,46.11,8066200,38.11
2010-02-02,46.21,47.72,46.07,47.60,8715600,39.34
2010-02-03,47.33,47.44,46.81,46.97,5001800,38.82
2010-02-04,46.60,46.81,45.90,45.94,6728400,37.97
2010-02-05,46.22,46.22,45.01,45.66,8451200,37.74
2010-02-08,45.31,46.28,45.31,45.53,5242500,37.63
2010-02-09,45.93,47.00,45.70,46.85,8742400,38.72
2010-02-10,46.81,47.09,46.39,46.81,6480000,38.69
2010-02-11,46.65,48.93,46.05,48.67,16677800,40.22
2010-02-12,48.35,49.93,48.20,49.29,13040700,40.74
2010-02-16,49.60,49.92,49.06,49.42,11304100,40.84
2010-02-17,49.51,49.89,49.35,49.83,7402400,41.18
2010-02-18,49.59,50.35,49.59,50.28,7533300,41.55
2010-02-19,50.20,50.41,49.80,49.98,8931900,41.31
2010-02-22,50.00,50.07,49.68,49.75,8233500,41.12
2010-02-23,49.75,50.00,49.18,49.30,10514700,40.74
2010-02-24,49.32,49.97,48.97,49.83,8305900,41.18
2010-02-25,49.43,49.88,49.00,49.61,9596000,41.00
2010-02-26,49.62,49.63,48.95,48.98,8502800,40.48
2010-03-01,49.05,49.25,48.79,48.93,8198300,40.44
2010-03-02,49.39,50.09,49.11,49.81,7126700,41.17
2010-03-03,49.82,50.17,49.72,49.98,7166800,41.31
2010-03-04,50.16,50.80,50.06,50.66,7350200,41.87
2010-03-05,50.75,51.38,50.52,51.25,7140400,42.36
2010-03-08,51.13,51.28,50.69,50.79,6970700,41.98
2010-03-09,50.61,50.78,50.20,50.38,6203800,41.64
2010-03-10,50.25,50.41,49.85,50.30,5967300,41.57
2010-03-11,50.29,50.51,49.68,50.24,8066600,41.52
2010-03-12,50.25,50.50,49.95,50.14,6118200,41.44
2010-03-15,50.05,51.12,49.81,50.92,9131000,42.08
2010-03-16,50.98,51.43,50.82,51.24,5970200,42.35
2010-03-17,51.45,51.92,51.27,51.83,6784300,42.83
2010-03-18,51.94,51.99,51.65,51.82,6092500,42.83
2010-03-19,52.68,52.85,51.83,52.68,15243800,43.54
2010-03-22,52.39,53.07,52.23,52.89,6994400,43.71
2010-03-23,52.20,52.44,51.69,52.44,7052200,43.82
2010-03-24,52.43,52.70,51.84,51.89,8034100,43.36
2010-03-25,52.12,52.53,51.66,51.72,6076200,43.22
2010-03-26,51.78,52.45,51.68,52.12,5112400,43.55
2010-03-29,52.27,52.74,52.25,52.53,7271600,43.89
2010-03-30,52.62,52.92,52.16,52.49,4820600,43.86
2010-03-31,52.50,52.50,51.95,52.16,6486100,43.59
2010-04-01,52.24,52.68,52.16,52.47,5846800,43.84
2010-04-05,52.60,52.99,52.36,52.85,4390900,44.16
2010-04-06,52.64,52.95,52.55,52.65,4451200,43.99
2010-04-07,52.57,52.80,52.29,52.52,5572600,43.89
2010-04-08,52.29,52.72,52.21,52.37,4755700,43.76
2010-04-09,52.76,52.81,52.03,52.75,4844300,44.08
2010-04-12,52.86,53.20,52.74,52.95,5055600,44.25
2010-04-13,52.78,52.82,52.08,52.46,4531800,43.84
2010-04-14,52.09,52.09,50.80,51.30,12739900,42.87
2010-04-15,50.65,51.62,50.65,51.59,6596800,43.11
2010-04-16,51.45,51.68,50.56,50.74,8822900,42.40
2010-04-19,50.55,51.44,50.55,51.35,5769800,42.91
2010-04-20,51.48,53.91,51.16,51.92,6890900,43.38
2010-04-21,51.97,52.87,51.80,51.99,6611300,43.44
2010-04-22,50.38,51.32,50.08,51.24,10098900,42.82
2010-04-23,51.18,51.23,50.60,51.14,6457700,42.73
2010-04-26,51.04,51.14,50.06,50.13,7802200,41.89
2010-04-27,50.01,50.07,48.22,48.44,12135800,40.48
2010-04-28,48.67,49.34,48.53,49.09,9074100,41.02
2010-04-29,49.45,50.30,49.33,49.58,7819100,41.43
2010-04-30,49.47,49.81,49.02,49.08,6884400,41.01
2010-05-03,49.32,49.68,49.15,49.42,6482700,41.30
2010-05-04,49.01,49.75,48.86,49.00,9986300,40.94
2010-05-05,48.89,49.55,48.50,48.71,7506100,40.70
2010-05-06,48.50,48.91,44.00,47.00,16460800,39.27
2010-05-07,46.14,47.00,45.92,46.42,14566200,38.79
2010-05-10,47.91,49.04,47.70,48.35,9709700,40.40
2010-05-11,47.74,48.63,47.74,48.35,8924200,40.40
2010-05-12,47.93,48.31,47.52,47.99,8489700,40.10
2010-05-13,47.86,48.19,47.31,47.36,6602600,39.57
2010-05-14,47.27,47.47,46.29,46.56,10548700,38.91
2010-05-17,46.60,46.83,45.89,46.25,9076800,38.65
2010-05-18,46.44,46.76,45.37,45.56,10435700,38.07
2010-05-19,45.37,46.52,45.10,46.26,11069300,38.66
2010-05-20,45.47,45.92,44.49,44.55,13066700,37.23
2010-05-21,43.90,44.71,43.38,44.26,16035700,36.98
2010-05-24,44.04,44.72,43.57,44.30,12667000,37.02
2010-05-25,43.60,43.92,42.97,43.72,15891000,36.53
2010-05-26,43.85,44.56,43.55,43.70,14571200,36.52
2010-05-27,44.23,44.80,44.09,44.70,11520600,37.35
2010-05-28,44.76,44.80,44.02,44.12,14109100,36.87
2010-06-01,43.77,44.59,43.51,43.97,9173500,36.74
2010-06-02,44.04,45.06,44.04,45.05,9575200,37.64
2010-06-03,45.06,45.36,44.69,45.02,6411200,37.62
2010-06-04,44.57,44.75,43.51,43.74,11855100,36.55
2010-06-07,43.72,44.25,43.07,43.17,10536000,36.07
2010-06-08,43.13,43.77,42.94,43.73,11988100,36.54
2010-06-09,43.98,45.14,43.78,44.15,11085700,36.89
2010-06-10,44.59,45.58,44.59,45.11,9979300,37.69
2010-06-11,44.84,44.94,43.09,44.35,15482400,37.06
2010-06-14,44.61,45.95,44.61,45.57,11379200,38.08
2010-06-15,46.22,46.22,45.47,45.56,9119600,38.07
2010-06-16,45.39,45.78,45.13,45.55,6227700,38.06
2010-06-17,45.78,45.96,45.34,45.60,7420800,38.10
2010-06-18,45.67,46.28,45.60,45.91,13155400,38.36
2010-06-21,46.28,46.64,45.93,46.29,10605200,38.68
2010-06-22,45.81,46.01,44.95,44.99,8248600,38.07
2010-06-23,45.96,47.08,45.90,46.49,15496300,39.34
2010-06-24,46.28,46.72,46.04,46.43,13230100,39.29
2010-06-25,46.56,47.00,45.90,45.90,17658200,38.84
2010-06-28,46.00,46.68,45.90,46.29,9271200,39.17
2010-06-29,45.90,46.80,45.54,45.72,11364000,38.69
2010-06-30,46.15,46.36,45.75,45.84,10800400,38.79
2010-07-01,45.77,46.68,45.55,46.55,12567400,39.39
2010-07-02,46.63,46.88,46.23,46.45,6941700,39.31
2010-07-06,46.75,47.19,46.34,46.77,9049400,39.58
2010-07-07,46.59,47.56,46.39,47.54,11016500,40.23
2010-07-08,47.95,48.68,47.67,48.54,8888200,41.08
2010-07-09,48.80,48.90,48.22,48.59,5783600,41.12
2010-07-12,48.57,48.99,48.26,48.84,5136000,41.33
2010-07-13,49.12,49.45,49.00,49.30,5681200,41.72
2010-07-14,49.18,49.73,48.96,49.52,5539000,41.90
2010-07-15,49.62,50.30,49.33,50.10,8227500,42.40
2010-07-16,49.99,50.89,49.51,49.67,8352500,42.03
2010-07-19,49.51,50.10,49.43,49.96,5500900,42.28
2010-07-20,49.66,50.75,49.63,50.63,6860200,42.84
2010-07-21,50.78,50.86,49.20,49.89,8481500,42.22
2010-07-22,50.38,51.09,49.90,50.84,8090500,43.02
2010-07-23,50.82,50.97,50.27,50.66,7968500,42.87
2010-07-26,50.57,51.23,50.57,51.19,5317700,43.32
2010-07-27,51.26,51.38,50.95,51.34,7215100,43.44
2010-07-28,51.36,51.45,50.90,51.04,5187200,43.19
2010-07-29,51.16,51.55,50.78,51.18,7213200,43.31
2010-07-30,50.80,51.30,50.60,51.04,7115800,43.19
2010-08-02,51.47,52.00,51.25,51.96,6944000,43.97
2010-08-03,51.81,52.50,51.81,52.15,6826800,44.13
2010-08-04,52.13,52.50,51.96,52.24,4903000,44.21
2010-08-05,52.08,52.09,51.70,51.82,6634300,43.85
2010-08-06,51.53,52.21,51.23,52.19,6231900,44.16
2010-08-09,52.38,52.62,52.17,52.54,6837600,44.46
2010-08-10,52.09,53.24,52.05,52.97,8210600,44.82
2010-08-11,52.22,52.47,51.63,51.75,7369600,43.79
2010-08-12,51.22,52.16,51.18,51.85,7476900,43.88
2010-08-13,51.59,52.28,51.59,51.99,6276000,43.99
2010-08-16,51.66,52.06,50.96,51.99,5486600,43.99
2010-08-17,52.34,53.04,51.99,52.57,6503900,44.49
2010-08-18,52.55,52.99,52.22,52.76,9184200,44.65
2010-08-19,52.72,52.72,51.62,52.00,9741700,44.00
2010-08-20,51.75,52.43,51.75,51.98,7730100,43.99
2010-08-23,52.10,52.49,51.71,51.73,5506500,43.77
2010-08-24,51.31,51.70,51.06,51.51,7319800,43.59
2010-08-25,51.17,51.75,50.93,51.52,10833600,43.60
2010-08-26,51.54,51.84,50.54,51.06,6954300,43.21
2010-08-27,51.14,51.63,50.65,51.44,6943100,43.53
2010-08-30,51.08,51.91,51.08,51.43,3937900,43.52
2010-08-31,51.37,51.77,51.02,51.36,6513000,43.46
2010-09-01,51.88,53.09,51.88,52.97,8452400,44.82
2010-09-02,52.97,53.36,52.87,53.29,6497500,45.09
2010-09-03,53.11,54.10,53.11,54.04,6718500,45.73
2010-09-07,53.92,54.25,53.57,53.64,5649600,45.39
2010-09-08,53.61,53.86,53.40,53.62,7384600,45.37
2010-09-09,53.68,53.97,53.22,53.75,7495000,45.48
2010-09-10,53.87,54.87,53.81,54.60,6993300,46.20
2010-09-13,54.96,54.99,54.32,54.77,6024400,46.35
2010-09-14,54.55,55.00,54.26,54.86,7006900,46.42
2010-09-15,54.86,55.60,54.63,55.54,6853500,47.00
2010-09-16,55.20,55.30,54.81,55.11,7305200,46.63
2010-09-17,55.30,55.90,55.07,55.12,9668900,46.64
2010-09-20,55.29,56.23,55.00,55.95,7959000,47.35
2010-09-21,56.03,56.25,55.46,56.04,9415100,47.42
2010-09-22,55.13,55.40,54.90,55.19,8079000,47.24
2010-09-23,54.81,55.64,54.66,55.11,5943700,47.17
2010-09-24,55.58,56.50,55.56,56.10,6991400,48.02
2010-09-27,55.98,56.22,55.45,55.46,5742800,47.47
2010-09-28,55.40,56.19,55.17,56.08,7329000,48.00
2010-09-29,55.97,56.65,55.75,56.32,6343600,48.21
2010-09-30,56.48,57.11,55.81,56.02,7636400,47.95
2010-10-01,56.04,56.51,55.45,55.55,7624400,47.55
2010-10-04,55.39,55.71,55.10,55.29,5167600,47.33
2010-10-05,55.66,55.97,55.15,55.35,10135400,47.38
2010-10-06,55.40,56.93,55.37,56.31,10977500,48.20
2010-10-07,56.56,56.65,55.95,56.29,6645900,48.18
2010-10-08,56.75,57.20,56.60,56.63,6366700,48.47
2010-10-11,56.96,57.16,56.33,56.42,3329800,48.29
2010-10-12,56.48,57.30,56.40,57.18,5307600,48.95
2010-10-13,57.39,57.75,57.01,57.36,6376000,49.10
2010-10-14,57.40,57.90,57.39,57.75,5885000,49.43
2010-10-15,58.02,58.78,58.02,58.54,13173400,50.11
2010-10-18,58.34,58.56,58.06,58.38,6675100,49.97
2010-10-19,57.81,58.04,56.66,57.07,8711400,48.85
2010-10-20,57.22,57.69,57.01,57.48,5809400,49.20
2010-10-21,56.88,57.85,56.49,57.56,6863900,49.27
2010-10-22,57.92,58.29,57.58,58.13,4375200,49.76
2010-10-25,58.53,59.85,58.47,59.47,9071800,50.91
2010-10-26,59.15,59.53,58.93,59.50,5663400,50.93
2010-10-27,58.97,59.14,58.38,58.98,6200700,50.49
2010-10-28,59.27,59.70,58.93,59.26,5686200,50.73
2010-10-29,59.06,59.26,58.50,58.51,6335200,50.08
2010-11-01,58.61,59.31,58.12,58.29,7299800,49.90
2010-11-02,58.38,59.00,58.14,58.46,7546100,50.04
2010-11-03,58.60,59.53,58.40,59.30,6331200,50.76
2010-11-04,59.88,60.83,59.70,60.82,8143400,52.06
2010-11-05,60.87,60.87,60.18,60.44,7494700,51.74
2010-11-08,60.03,60.39,59.85,60.22,6237200,51.55
2010-11-09,60.01,60.20,59.41,59.56,5744300,50.98
2010-11-10,59.48,59.79,59.16,59.61,5302300,51.03
2010-11-11,59.05,59.86,59.02,59.82,5694300,51.21
2010-11-12,59.66,59.88,59.29,59.64,5838700,51.05
2010-11-15,59.61,59.96,59.35,59.45,4685000,50.89
2010-11-16,59.22,59.51,58.26,58.54,9158000,50.11
2010-11-17,58.68,58.94,57.79,57.79,7483900,49.47
2010-11-18,58.51,59.85,58.34,59.45,9374300,50.89
2010-11-19,59.46,59.86,58.97,59.81,7446400,51.20
2010-11-22,59.24,59.53,58.86,59.48,7451000,50.91
2010-11-23,58.78,58.96,58.41,58.77,8530600,50.31
2010-11-24,59.18,59.29,58.86,59.21,6333700,50.68
2010-11-26,58.92,59.09,58.50,58.78,2064500,50.31
2010-11-29,58.34,58.36,57.33,57.82,11539600,49.49
2010-11-30,57.48,57.58,56.75,56.89,11511900,48.70
2010-12-01,57.37,57.97,56.71,57.70,8113900,49.39
2010-12-02,57.51,58.01,57.30,57.93,6584600,49.59
2010-12-03,57.60,58.54,57.46,58.12,7030100,49.75
2010-12-06,58.08,58.65,57.81,58.53,9234000,50.10
2010-12-07,58.96,59.40,58.89,59.40,10943400,50.85
2010-12-08,59.45,59.50,59.08,59.35,6173000,50.80
2010-12-09,59.71,59.80,59.18,59.39,4848900,50.84
2010-12-10,59.52,59.92,58.89,59.00,6760500,50.50
2010-12-13,59.05,59.23,58.34,58.70,7765600,50.25
2010-12-14,58.82,59.43,58.75,59.39,5581900,50.84
2010-12-15,58.88,59.60,58.87,59.41,6643400,50.85
2010-12-16,59.37,59.74,58.96,59.71,5942700,51.11
2010-12-17,59.67,59.87,59.17,59.69,11569500,51.09
2010-12-20,59.79,60.14,59.43,59.57,7457100,50.99
2010-12-21,59.41,59.55,58.30,58.48,6149600,50.60
2010-12-22,58.63,58.94,58.25,58.87,4701000,50.94
2010-12-23,58.68,58.92,58.38,58.67,2824500,50.77
2010-12-27,58.51,58.77,58.43,58.60,2641900,50.71
2010-12-28,58.58,58.83,58.22,58.53,3018800,50.64
2010-12-29,58.72,58.93,58.51,58.75,2783100,50.84
2010-12-30,58.64,58.75,58.33,58.49,2303700,50.61
2010-12-31,58.48,58.85,58.31,58.53,2738300,50.64
2011-01-03,58.88,58.99,58.43,58.67,5053700,50.77
2011-01-04,58.48,58.95,58.15,58.67,5779500,50.77
2011-01-05,58.80,58.92,57.79,58.50,5635800,50.62
2011-01-06,58.25,58.40,57.36,57.72,7922300,49.94
2011-01-07,57.23,57.49,55.92,56.42,12085800,48.82
2011-01-10,56.43,56.74,55.85,56.51,8867000,48.90
2011-01-11,56.75,56.95,55.92,56.02,7971000,48.47
2011-01-12,56.32,56.59,56.00,56.59,7355300,48.97
2011-01-13,56.37,56.58,56.11,56.50,6032900,48.89
2011-01-14,56.29,56.77,56.18,56.67,5394100,49.04
2011-01-18,56.54,57.00,55.98,56.22,8001300,48.65
2011-01-19,56.29,56.62,56.16,56.59,7535000,48.97
2011-01-20,56.62,56.87,56.26,56.49,6740200,48.88
2011-01-21,56.82,57.00,56.26,56.70,10525700,49.06
2011-01-24,56.58,57.18,56.25,57.10,6127900,49.41
2011-01-25,56.87,57.62,56.72,57.53,5851600,49.78
2011-01-26,57.67,57.75,57.34,57.38,5347600,49.65
2011-01-27,57.55,57.58,56.94,56.99,6060600,49.31
2011-01-28,57.30,57.31,56.55,56.60,7435200,48.97
2011-01-31,56.84,57.27,56.46,57.24,6955400,49.53
2011-02-01,57.52,58.21,57.50,57.72,6181300,49.94
2011-02-02,57.48,57.76,57.33,57.68,4924700,49.91
2011-02-03,57.49,58.09,57.49,58.01,4650800,50.20
2011-02-04,58.07,58.76,57.91,58.67,5990400,50.77
2011-02-07,58.91,59.00,58.46,59.00,4570200,51.05
2011-02-08,59.00,59.11,58.65,59.06,4411400,51.10
2011-02-09,58.61,59.67,58.50,59.54,5387000,51.52
2011-02-10,59.29,59.90,58.89,59.17,7236200,51.20
2011-02-11,58.91,59.86,58.87,59.62,5341300,51.59
2011-02-14,59.53,59.77,59.09,59.74,4933700,51.69
2011-02-15,59.46,60.18,59.44,59.89,5315500,51.82
2011-02-16,60.12,60.76,59.94,60.70,5718100,52.52
2011-02-17,60.39,60.88,60.30,60.84,5427200,52.64
2011-02-18,60.86,61.64,60.80,61.43,5768600,53.15
2011-02-22,60.82,61.99,60.50,61.54,7172900,53.25
2011-02-23,61.55,62.38,61.50,61.98,9054600,53.63
2011-02-24,61.81,63.00,61.79,62.29,7587600,53.90
2011-02-25,62.43,62.69,62.00,62.25,5441100,53.86
2011-02-28,62.68,63.12,62.40,62.78,7559500,54.32
2011-03-01,63.06,63.63,62.21,62.27,7321700,53.88
2011-03-02,62.31,63.33,62.13,62.92,6570300,54.44
2011-03-03,63.35,63.95,63.10,63.67,9531500,55.09
2011-03-04,63.69,63.88,63.03,63.50,12608500,54.95
2011-03-07,63.66,64.42,63.52,63.64,10173200,55.07
2011-03-08,63.85,64.60,63.78,64.25,5591300,55.59
2011-03-09,64.17,64.45,63.89,64.35,4946700,55.68
2011-03-10,63.82,64.19,63.59,63.76,6675000,55.17
2011-03-11,63.43,63.98,63.37,63.78,5529200,55.19
2011-03-14,63.55,63.84,63.23,63.58,5935100,55.01
2011-03-15,62.49,62.91,61.88,62.70,11350200,54.25
2011-03-16,62.44,62.64,61.45,61.87,11373200,53.54
2011-03-17,62.45,62.78,61.67,61.79,7963900,53.47
2011-03-18,61.70,62.53,61.35,61.72,11876800,53.41
2011-03-21,62.21,63.53,61.91,62.95,6364200,54.47
2011-03-22,62.23,63.89,62.21,63.34,2472600,55.37
2011-03-23,63.26,64.11,63.08,63.84,5225800,55.81
2011-03-24,64.05,64.74,63.80,64.52,6869100,56.40
2011-03-25,64.65,65.47,64.53,65.12,7119500,56.93
2011-03-28,65.38,65.62,65.17,65.17,4712700,56.97
2011-03-29,64.79,65.29,64.61,65.26,6213400,57.05
2011-03-30,65.85,65.92,65.24,65.70,7714000,57.43
2011-03-31,65.75,65.90,65.34,65.63,7642000,57.37
2011-04-01,65.87,66.02,64.91,64.93,6334500,56.76
2011-04-04,64.93,65.05,64.49,64.92,7125200,56.75
2011-04-05,64.76,65.97,64.65,65.55,4984900,57.30
2011-04-06,65.75,66.05,65.48,65.81,4979000,57.53
2011-04-07,65.62,65.69,65.07,65.68,6408000,57.42
2011-04-08,65.66,66.04,65.52,65.83,5467400,57.55
2011-04-11,66.27,67.28,66.25,66.83,6952500,58.42
2011-04-12,66.59,66.82,65.82,66.04,5358400,57.73
2011-04-13,65.90,66.21,65.72,66.11,5847900,57.79
2011-04-14,65.98,66.45,65.83,66.19,6947900,57.86
2011-04-15,66.39,66.74,65.96,66.56,5609400,58.18
2011-04-18,66.08,66.49,65.48,65.76,5865500,57.49
2011-04-19,65.61,66.19,65.31,66.13,4527100,57.81
2011-04-20,66.85,67.35,66.42,66.48,5661300,58.11
2011-04-21,67.01,68.21,66.84,67.61,6478100,59.10
2011-04-25,67.75,67.91,67.36,67.60,4779900,59.09
2011-04-26,67.80,68.09,67.34,67.59,8000000,59.09
2011-04-27,67.53,67.59,66.94,67.52,6112300,59.02
2011-04-28,67.47,69.22,67.42,69.03,6409200,60.34
2011-04-29,69.16,69.79,68.63,69.44,5600000,60.70
2011-05-02,69.81,69.92,69.16,69.31,6088800,60.59
2011-05-03,69.03,69.63,68.85,69.55,7870000,60.80
2011-05-04,69.55,69.83,69.08,69.35,5015800,60.62
2011-05-05,69.18,69.45,68.25,68.39,6422100,59.78
2011-05-06,68.80,69.39,68.57,68.60,6071600,59.97
2011-05-09,68.84,69.00,68.17,68.29,5464700,59.70
2011-05-10,68.42,68.49,68.17,68.28,7360200,59.69
2011-05-11,68.30,68.58,67.98,68.17,6203500,59.59
2011-05-12,68.13,68.25,67.95,68.21,6820300,59.63
2011-05-13,68.26,69.08,68.26,68.31,7165000,59.71
2011-05-16,68.02,68.70,67.84,68.44,6765700,59.83
2011-05-17,68.25,68.73,68.24,68.59,4512600,59.96
2011-05-18,68.74,69.40,68.46,69.28,8409000,60.56
2011-05-19,69.55,70.77,69.54,70.68,7536400,61.79
2011-05-20,70.61,70.68,69.99,70.19,4671400,61.36
2011-05-23,69.41,69.80,68.91,69.10,5524500,60.41
2011-05-24,69.00,70.09,68.91,69.86,6350000,61.07
2011-05-25,69.42,69.71,69.12,69.49,5681400,60.75
2011-05-26,69.45,70.67,69.07,70.30,6382100,61.45
2011-05-27,70.24,70.73,70.20,70.52,3858500,61.65
2011-05-31,70.82,71.75,70.76,71.75,8216000,62.72
2011-06-01,71.70,71.75,71.03,71.07,6768900,62.13
2011-06-02,70.92,70.99,69.63,69.91,6427200,61.11
2011-06-03,69.25,69.65,68.76,68.99,5985700,60.31
2011-06-06,68.79,68.99,68.25,68.32,7685600,59.72
2011-06-07,68.60,68.62,67.79,67.81,8337900,59.28
2011-06-08,67.55,68.32,67.12,68.04,6347100,59.48
2011-06-09,68.31,68.61,67.53,68.12,5635300,59.55
2011-06-10,67.82,68.08,67.35,67.35,5328300,58.88
2011-06-13,67.30,67.83,66.80,67.53,8626400,59.03
2011-06-14,68.16,69.51,67.83,68.92,8348300,60.25
2011-06-15,68.59,68.74,66.52,67.51,7271300,59.02
2011-06-16,67.44,68.03,67.07,67.52,5429900,59.02
2011-06-17,67.95,69.00,67.95,68.48,8793900,59.86
2011-06-20,68.46,69.41,68.43,69.08,4984300,60.39
2011-06-21,68.74,68.88,67.93,68.05,5184600,60.04
2011-06-22,67.62,67.83,66.64,66.65,8345900,58.81
2011-06-23,66.28,66.36,65.51,66.17,7146100,58.38
2011-06-24,66.16,66.16,64.68,65.10,10964100,57.44
2011-06-27,65.40,66.16,65.20,65.92,7110000,58.16
2011-06-28,66.16,66.17,65.52,65.89,4977400,58.14
2011-06-29,66.35,66.61,66.02,66.17,5401600,58.38
2011-06-30,66.45,66.81,66.06,66.77,5406400,58.91
2011-07-01,66.66,67.14,66.48,66.75,5212800,58.90
2011-07-05,66.90,68.16,66.79,67.19,7157800,59.28
2011-07-06,67.32,68.59,67.18,68.24,6418300,60.21
2011-07-07,68.65,69.38,68.65,69.14,6035400,61.01
2011-07-08,68.64,69.46,68.47,69.41,5314400,61.24
2011-07-11,69.62,69.65,68.43,68.68,5363900,60.60
2011-07-12,68.63,68.80,67.00,67.10,7765900,59.21
2011-07-13,67.45,67.53,66.61,66.84,4570300,58.98
2011-07-14,66.58,66.90,66.23,66.42,4561600,58.61
2011-07-15,66.62,67.07,66.17,66.93,5462700,59.06
2011-07-18,66.80,67.44,66.48,66.83,4252400,58.97
2011-07-19,67.16,68.72,67.06,68.51,6245100,60.45
2011-07-20,68.49,68.50,67.18,68.19,5556300,60.17
2011-07-21,69.75,71.76,69.74,71.49,11095700,63.08
2011-07-22,71.38,72.26,71.30,72.11,7298100,63.63
2011-07-25,71.73,72.32,70.91,72.13,5292500,63.64
2011-07-26,72.01,72.50,71.60,71.92,4713400,63.46
2011-07-27,71.48,72.56,71.48,71.77,5796400,63.33
2011-07-28,71.89,72.74,71.61,72.35,6880200,63.84
2011-07-29,71.70,71.99,71.17,71.17,9143900,62.80
2011-08-01,71.62,71.66,69.86,70.72,6034800,62.40
2011-08-02,70.42,70.89,69.75,69.75,7059000,61.54
2011-08-03,69.91,70.00,69.18,69.96,7725000,61.73
2011-08-04,69.23,69.37,67.22,67.40,11139300,59.47
2011-08-05,68.05,69.76,67.12,69.34,14179900,61.18
2011-08-08,67.83,69.17,66.09,66.27,16489300,58.47
2011-08-09,66.58,67.56,64.23,67.40,19274200,59.47
2011-08-10,67.09,67.17,64.65,64.90,14335000,57.26
2011-08-11,65.27,66.23,64.77,65.55,13389700,57.84
2011-08-12,66.42,66.81,65.73,66.63,10255600,58.79
2011-08-15,66.92,68.33,66.68,68.33,11101600,60.29
2011-08-16,67.87,68.48,67.34,67.70,7347100,59.73
2011-08-17,68.09,69.72,68.02,69.06,8695500,60.93
2011-08-18,67.86,68.88,67.63,68.50,11290600,60.44
2011-08-19,67.64,70.78,67.64,68.83,11874700,60.73
2011-08-22,70.23,70.54,68.50,68.72,8068300,60.63
2011-08-23,68.70,70.30,68.39,70.27,8924700,62.00
2011-08-24,70.00,70.58,69.73,70.14,7765100,61.89
2011-08-25,70.11,70.25,68.58,68.87,8085500,60.77
2011-08-26,68.80,69.54,67.76,69.20,7422300,61.06
2011-08-29,69.89,70.68,69.80,70.50,6213400,62.21
2011-08-30,70.31,70.51,69.80,70.12,6688100,61.87
2011-08-31,70.39,70.64,69.09,69.32,9735100,61.16
2011-09-01,69.42,70.07,69.07,69.30,8491200,61.15
2011-09-02,68.77,69.33,68.12,68.24,6369800,60.21
2011-09-06,66.90,67.92,66.72,67.81,9626100,59.83
2011-09-07,68.28,68.96,67.94,68.96,9280000,60.85
2011-09-08,68.47,68.98,68.42,68.55,6845900,60.48
2011-09-09,68.05,68.24,65.50,65.90,17242000,58.15
2011-09-12,64.98,66.06,64.42,66.02,28147800,58.25
2011-09-13,65.99,66.46,65.19,65.97,6781000,58.21
2011-09-14,66.85,68.32,66.52,67.59,11287700,59.64
2011-09-15,68.31,68.49,67.66,68.29,7060200,60.26
2011-09-16,68.73,69.27,68.00,69.08,15149600,60.95
2011-09-19,68.16,68.57,67.65,67.91,11023400,59.92
2011-09-20,68.65,69.17,68.25,68.28,7621700,60.25
2011-09-21,68.68,68.83,66.71,66.80,8637700,58.94
2011-09-22,65.77,65.77,63.66,64.96,16868000,57.32
2011-09-23,63.92,64.09,63.50,63.81,10699100,56.98
2011-09-26,64.27,64.69,63.52,64.58,8132000,57.67
2011-09-27,65.36,65.54,64.36,64.71,8374400,57.78
2011-09-28,64.99,65.01,63.26,63.38,6536200,56.59
2011-09-29,64.21,64.78,63.12,64.01,5979400,57.16
2011-09-30,63.48,64.15,62.32,62.38,9173800,55.70
2011-10-03,62.24,63.29,61.75,61.76,10959400,55.15
2011-10-04,61.18,62.99,60.45,62.80,10000000,56.08
2011-10-05,63.47,63.72,62.81,63.29,7835900,56.51
2011-10-06,63.42,64.60,63.12,64.58,6452300,57.67
2011-10-07,64.96,65.57,64.60,65.13,7334000,58.16
2011-10-10,65.92,66.39,65.53,66.05,4575700,58.98
2011-10-11,66.44,66.45,65.09,65.30,6601800,58.31
2011-10-12,65.92,66.65,65.31,66.31,8097100,59.21
2011-10-13,66.27,66.75,65.82,66.45,5656500,59.34
2011-10-14,67.19,67.40,66.90,67.40,7242200,60.18
2011-10-17,67.49,68.06,66.86,67.04,6575000,59.86
2011-10-18,66.68,67.06,65.36,66.31,7378300,59.21
2011-10-19,66.51,67.09,65.98,66.03,5661600,58.96
2011-10-20,67.78,69.11,67.36,68.19,12115700,60.89
2011-10-21,68.98,70.37,68.90,70.00,13618000,62.50
2011-10-24,70.11,70.28,69.32,69.48,7631000,62.04
2011-10-25,68.50,69.40,68.48,68.84,10066800,61.47
2011-10-26,69.76,70.83,69.14,70.80,10327100,63.22
2011-10-27,71.80,72.47,70.99,72.00,10180400,64.29
2011-10-28,72.05,72.49,71.32,72.12,6246000,64.40
2011-10-31,71.61,72.01,69.74,69.87,10206300,62.39
2011-11-01,68.18,69.31,67.75,68.76,9908100,61.40
2011-11-02,69.08,70.17,68.93,69.87,7788500,62.39
2011-11-03,70.19,70.96,70.02,70.79,5399200,63.21
2011-11-04,70.66,70.86,69.87,70.21,5754100,62.69
2011-11-07,70.13,70.58,69.48,70.50,3976600,62.95
2011-11-08,70.60,71.32,70.08,71.20,4631200,63.58
2011-11-09,70.02,70.32,69.12,69.62,6214900,62.17
2011-11-10,70.02,71.21,70.02,71.00,5708800,63.40
2011-11-11,71.50,72.12,71.35,71.64,4136400,63.97
2011-11-14,71.64,71.67,70.86,71.21,5024100,63.59
2011-11-15,71.37,71.75,70.90,71.52,4392700,63.86
2011-11-16,71.50,73.17,71.06,71.62,7934600,63.95
2011-11-17,71.47,73.46,71.47,72.08,7073200,64.36
2011-11-18,72.36,73.29,72.32,73.09,8647300,65.26
2011-11-21,71.82,72.53,71.54,72.00,6422600,64.29
2011-11-22,72.11,72.59,71.85,72.01,5401500,64.30
2011-11-23,71.46,71.62,70.82,71.02,5685900,63.42
2011-11-25,71.01,72.24,70.98,71.31,3575400,63.67
2011-11-28,72.10,73.15,72.00,73.09,6827800,65.26
2011-11-29,73.38,75.45,73.38,74.46,8016600,66.49
2011-11-30,75.93,76.40,75.09,76.24,9494900,68.08
2011-12-01,76.10,77.00,75.58,75.69,5938000,67.59
2011-12-02,75.97,76.44,75.32,75.47,5414500,67.39
2011-12-05,76.71,77.03,75.36,75.87,5335900,67.75
2011-12-06,75.79,75.84,75.30,75.58,5314700,67.49
2011-12-07,75.23,75.88,74.75,75.58,5676400,67.49
2011-12-08,75.33,75.58,74.39,74.56,6465200,66.58
2011-12-09,75.20,75.89,74.97,75.58,5647700,67.49
2011-12-12,75.32,75.86,74.77,75.15,7101500,67.10
2011-12-13,75.85,76.54,75.35,75.51,6092300,67.43
2011-12-14,75.30,76.47,74.61,74.86,7792600,66.84
2011-12-15,75.67,76.29,75.29,75.92,6055100,67.79
2011-12-16,76.43,76.63,75.29,75.60,8857800,67.51
2011-12-19,76.04,76.81,75.79,76.20,6178100,68.04
2011-12-20,76.24,76.81,75.93,76.70,6665400,69.19
2011-12-21,76.87,78.29,76.61,78.18,6912800,70.52
2011-12-22,78.44,78.55,77.45,77.85,4308300,70.22
2011-12-23,78.05,78.90,77.95,78.75,3037300,71.04
2011-12-27,78.99,79.42,78.42,78.83,2510600,71.11
2011-12-28,78.68,79.15,78.36,78.51,2656300,70.82
2011-12-29,78.88,79.19,78.67,79.10,3511000,71.35
2011-12-30,79.16,79.25,78.18,78.48,3678000,70.79
2012-01-03,79.16,79.96,78.52,78.59,6708400,70.89
2012-01-04,78.15,78.50,77.80,78.45,5589500,70.77
2012-01-05,78.17,78.67,77.80,78.21,5407000,70.55
2012-01-06,77.67,77.81,76.65,77.08,6745900,69.53
2012-01-09,77.06,77.26,76.60,76.86,4766400,69.33
2012-01-10,77.65,77.90,76.92,77.32,4937000,69.75
2012-01-11,77.17,77.85,76.53,76.60,5095800,69.10
2012-01-12,76.58,77.12,76.41,76.45,4698700,68.96
2012-01-13,76.22,77.40,76.07,77.32,4916800,69.75
2012-01-17,77.10,77.47,75.76,75.90,6676900,68.47
2012-01-18,75.81,75.81,72.85,73.26,13761200,66.08
2012-01-19,73.69,74.52,73.13,73.78,8226400,66.55
2012-01-20,73.96,74.62,73.65,74.52,6017200,67.22
2012-01-23,74.39,75.10,74.09,74.86,5924200,67.53
2012-01-24,74.65,75.20,73.87,74.15,4608700,66.89
2012-01-25,73.83,76.93,73.70,76.81,8417000,69.29
2012-01-26,77.15,77.15,75.86,76.38,5419800,68.90
2012-01-27,76.29,76.73,75.22,75.46,5934500,68.07
2012-01-30,75.12,75.23,74.51,74.90,4698900,67.56
2012-01-31,75.03,75.21,74.50,74.77,5688800,67.45
2012-02-01,75.19,76.08,75.15,75.75,4321500,68.33
2012-02-02,76.02,76.02,75.33,75.84,2967200,68.41
2012-02-03,76.45,76.80,75.81,76.62,3496200,69.11
2012-02-06,76.46,77.18,76.26,76.85,3733700,69.32
2012-02-07,76.51,77.98,76.49,77.60,5607100,70.00
2012-02-08,77.59,77.91,77.07,77.88,5024600,70.25
2012-02-09,77.90,80.99,77.84,80.06,10988900,72.22
2012-02-10,80.08,80.48,79.71,80.44,7602800,72.56
2012-02-13,80.69,81.89,80.42,81.61,7551400,73.62
2012-02-14,81.22,81.65,81.00,81.65,5689100,73.65
2012-02-15,81.89,82.05,81.17,81.55,4965800,73.56
2012-02-16,81.64,82.31,81.27,81.94,4548900,73.91
2012-02-17,82.34,82.66,81.51,81.74,5418400,73.73
2012-02-21,82.27,82.68,81.90,82.27,5134700,74.21
2012-02-22,82.10,82.77,81.54,82.29,5085700,74.23
2012-02-23,81.97,82.36,81.31,82.17,4272600,74.12
2012-02-24,82.50,83.08,82.29,83.02,4023000,74.89
2012-02-27,82.60,83.36,82.49,83.10,4340200,74.96
2012-02-28,83.18,83.95,83.00,83.86,4728900,75.65
2012-02-29,84.00,84.30,83.52,83.52,5817000,75.34
2012-03-01,83.50,84.33,82.91,84.23,4944700,75.98
2012-03-02,84.29,84.73,83.79,84.55,4183300,76.27
2012-03-05,84.40,85.43,84.14,85.42,4097400,77.05
2012-03-06,84.82,85.42,83.97,84.06,6932900,75.83
2012-03-07,84.04,84.39,83.26,84.07,4852700,75.83
2012-03-08,84.81,85.16,84.54,84.62,3738200,76.33
2012-03-09,84.94,85.24,84.61,84.61,3601500,76.32
2012-03-12,84.93,85.56,83.90,84.54,8037600,76.26
2012-03-13,84.78,85.76,84.59,85.71,5132900,77.31
2012-03-14,85.34,85.76,84.95,85.45,5170700,77.08
2012-03-15,85.46,85.90,85.24,85.90,4849500,77.49
2012-03-16,85.97,86.17,85.54,85.81,7930600,77.40
2012-03-19,85.82,86.60,85.46,86.34,3724600,77.88
2012-03-20,85.83,86.66,85.82,86.54,4578900,78.06
2012-03-21,86.54,86.70,86.06,86.12,4892200,77.68
2012-03-22,85.98,87.14,85.92,86.84,6051300,78.33
2012-03-23,86.86,87.15,86.43,86.83,6264900,78.32
2012-03-26,87.09,88.51,87.00,88.15,6321400,79.52
2012-03-27,88.14,88.42,87.52,87.52,5187900,79.64
2012-03-28,87.50,87.59,86.62,86.97,6090500,79.14
2012-03-29,86.51,87.00,86.14,86.65,4906400,78.85
2012-03-30,87.07,88.86,87.07,88.61,6974800,80.63
2012-04-02,88.86,89.62,88.85,89.38,4848300,81.34
2012-04-03,88.79,89.02,88.29,88.98,7640600,80.97
2012-04-04,88.63,90.10,88.60,89.49,7032900,81.44
2012-04-05,89.10,89.25,88.11,88.64,6328000,80.66
2012-04-09,87.95,88.70,87.95,88.37,3422700,80.42
2012-04-10,88.09,88.23,86.89,87.05,5615400,79.21
2012-04-11,87.64,88.20,87.30,87.52,5166600,79.64
2012-04-12,87.74,87.78,86.62,87.26,5058900,79.41
2012-04-13,87.55,88.79,87.41,87.84,6023400,79.93
2012-04-16,88.17,88.26,86.53,87.04,5765900,79.21
2012-04-17,87.26,87.90,86.79,87.45,4819400,79.58
2012-04-18,87.00,88.11,86.63,87.74,4861600,79.84
2012-04-19,88.00,88.00,86.10,86.75,6089700,78.94
2012-04-20,86.38,88.32,86.14,87.81,6637800,79.91
2012-04-23,87.16,87.58,86.61,86.94,4677700,79.11
2012-04-24,87.09,87.26,86.12,86.17,5064700,78.41
2012-04-25,86.40,87.88,86.18,87.64,6191900,79.75
2012-04-26,87.82,88.75,87.46,88.55,4545700,80.58
2012-04-27,88.99,90.63,88.67,89.81,7067800,81.73
2012-04-30,89.81,89.98,89.00,89.51,6439100,81.45
2012-05-01,89.31,91.05,89.31,90.00,5911600,81.90
2012-05-02,89.81,90.68,89.81,90.31,5132600,82.18
2012-05-03,90.02,90.63,89.52,89.96,5300000,81.86
2012-05-04,89.75,90.11,89.00,89.13,3710000,81.11
2012-05-07,88.99,89.18,88.22,88.28,5218200,80.33
2012-05-08,88.12,88.41,87.11,87.72,6154600,79.82
2012-05-09,86.84,86.98,85.64,85.64,7574900,77.93
2012-05-10,86.32,86.74,85.99,86.16,5120600,78.40
2012-05-11,85.57,86.47,85.57,86.15,4842300,78.40
2012-05-14,85.65,86.00,85.13,85.39,4833200,77.70
2012-05-15,85.27,85.67,84.55,84.72,4777200,77.09
2012-05-16,84.78,85.66,84.58,85.24,4998800,77.57
2012-05-17,85.12,85.31,84.19,84.20,4578200,76.62
2012-05-18,84.52,85.31,84.11,84.30,6538900,76.71
2012-05-21,84.60,84.86,83.78,84.74,4646100,77.11
2012-05-22,84.99,85.77,84.70,85.06,4994900,77.40
2012-05-23,84.73,84.97,83.99,84.33,4938500,76.74
2012-05-24,84.43,85.50,84.34,85.34,5261700,77.66
2012-05-25,85.34,85.90,85.25,85.38,3603300,77.70
2012-05-29,85.43,85.73,84.92,85.59,3809500,77.89
2012-05-30,84.95,85.47,84.64,84.88,4203500,77.24
2012-05-31,84.84,85.26,84.41,84.51,5967600,76.90
2012-06-01,83.16,83.78,82.46,82.79,7960100,75.34
2012-06-04,82.62,82.70,81.34,81.91,6040300,74.54
2012-06-05,81.41,82.11,81.10,81.91,4298300,74.54
2012-06-06,82.01,83.07,81.91,83.07,4818100,75.59
2012-06-07,83.95,84.08,83.40,83.60,3599800,76.08
2012-06-08,83.40,84.11,83.23,83.97,3821300,76.41
2012-06-11,84.41,85.18,84.08,84.38,14009800,76.79
2012-06-12,84.64,85.47,84.33,85.01,4642200,77.36
2012-06-13,85.86,87.05,85.20,85.70,4648300,77.99
2012-06-14,85.99,87.99,85.89,87.34,4914600,79.48
2012-06-15,87.94,88.19,87.19,87.73,8794800,79.83
2012-06-18,87.52,88.68,87.30,88.13,4128500,80.20
2012-06-19,88.44,88.93,88.10,88.52,4908700,80.55
2012-06-20,88.48,88.81,87.84,88.51,4612600,80.54
2012-06-21,87.68,88.03,85.50,85.60,9160700,77.90
2012-06-22,86.08,86.59,85.55,86.01,7178700,78.27
2012-06-25,84.64,84.76,83.93,83.99,5044400,77.12
2012-06-26,84.05,84.45,83.79,84.03,4600100,77.16
2012-06-27,84.16,85.25,84.16,84.90,4641300,77.96
2012-06-28,84.36,85.81,84.09,85.62,4093200,78.62
2012-06-29,86.91,87.60,86.40,87.26,6269100,80.12
2012-07-02,87.34,89.06,87.20,89.00,4728400,81.72
2012-07-03,88.88,89.57,88.64,89.49,2487200,82.17
2012-07-05,89.22,89.57,88.60,88.98,3772700,81.70
2012-07-06,88.46,89.58,88.18,89.45,3780700,82.13
2012-07-09,89.31,90.99,89.22,90.61,5976200,83.20
2012-07-10,91.06,91.39,90.39,90.70,4399100,83.28
2012-07-11,90.63,91.07,90.24,90.54,4618800,83.13
2012-07-12,90.51,90.88,89.89,89.90,4797900,82.55
2012-07-13,90.08,90.49,89.75,90.21,3507600,82.83
2012-07-16,90.10,91.00,90.02,90.84,4117800,83.41
2012-07-17,90.53,91.00,89.25,89.99,4634100,82.63
2012-07-18,89.90,90.00,88.92,89.41,5162400,82.10
2012-07-19,89.51,90.73,89.31,89.55,6410400,82.23
2012-07-20,88.83,89.32,88.19,88.89,6255300,81.62
2012-07-23,88.31,88.96,87.78,87.99,4037100,80.79
2012-07-24,87.89,88.40,87.02,87.69,4915000,80.52
2012-07-25,87.81,88.07,86.83,86.89,4566700,79.78
2012-07-26,87.89,89.01,87.89,88.60,5348600,81.35
2012-07-27,88.42,90.99,87.75,90.30,6680300,82.91
2012-07-30,89.90,91.39,89.87,91.18,4151500,83.72
2012-07-31,91.17,91.81,90.85,91.44,5541000,83.96
2012-08-01,91.45,91.79,90.25,90.64,3362100,83.23
2012-08-02,90.30,90.92,89.55,90.07,3962700,82.70
2012-08-03,91.17,92.00,90.73,91.93,4123300,84.41
2012-08-06,92.00,93.15,91.80,92.23,4546100,84.69
2012-08-07,92.66,92.89,91.25,91.32,4299500,83.85
2012-08-08,91.20,92.01,90.56,91.77,3403700,84.26
2012-08-09,91.77,91.97,91.04,91.38,2807700,83.91
2012-08-10,91.10,92.43,91.06,92.21,2640000,84.67
2012-08-13,91.98,92.49,91.68,92.43,2418100,84.87
2012-08-14,92.49,93.48,92.11,93.14,4051500,85.52
2012-08-15,92.98,93.26,92.27,92.97,4163600,85.37
2012-08-16,92.46,93.48,92.08,93.29,4595400,85.66
2012-08-17,93.48,93.50,92.73,93.38,4161600,85.74
2012-08-20,93.39,93.60,92.99,93.17,2919500,85.55
2012-08-21,93.14,93.29,91.59,91.71,3779700,84.21
2012-08-22,91.39,91.59,90.85,90.87,3905800,83.44
2012-08-23,90.68,90.85,88.68,88.69,6914900,81.44
2012-08-24,88.56,89.99,88.28,89.76,5397900,82.42
2012-08-27,89.79,90.49,89.68,90.09,2943300,82.72
2012-08-28,89.80,91.24,89.78,90.88,3094500,83.45
2012-08-29,91.48,91.99,90.76,90.78,4027700,83.36
2012-08-30,90.84,90.96,90.31,90.55,2666900,83.14
2012-08-31,90.81,91.56,89.30,89.30,6626500,82.00
2012-09-04,89.44,89.95,89.17,89.63,3917000,82.30
2012-09-05,89.52,89.88,89.00,89.09,3766600,81.80
2012-09-06,89.11,90.10,89.00,89.48,5497600,82.16
2012-09-07,89.40,89.88,88.67,88.83,4860000,81.56
2012-09-10,88.64,88.85,87.97,88.62,4862200,81.37
2012-09-11,88.71,89.07,88.38,88.38,4193300,81.15
2012-09-12,88.59,88.59,86.11,86.67,8388100,79.58
2012-09-13,87.03,90.57,86.80,90.15,17534600,82.78
2012-09-14,89.60,90.05,88.84,89.48,19859500,82.16
2012-09-17,89.36,90.91,89.35,90.69,18849900,83.27
2012-09-18,90.69,91.85,90.51,91.51,4473800,84.03
2012-09-19,91.30,91.93,90.82,91.64,4209700,84.15
2012-09-20,91.51,92.25,91.51,92.13,5467100,84.59
2012-09-21,92.30,92.59,92.03,92.14,6761500,84.60
2012-09-24,92.01,92.32,91.50,92.13,3907400,84.59
2012-09-25,91.49,91.95,90.06,90.08,4973400,83.48
2012-09-26,90.09,90.95,89.94,90.41,3910900,83.79
2012-09-27,90.56,91.02,89.94,90.66,3860900,84.02
2012-09-28,90.50,90.50,89.73,89.94,5092900,83.35
2012-10-01,90.27,91.17,90.00,90.71,4336200,84.07
2012-10-02,91.10,92.00,91.10,91.85,3879800,85.12
2012-10-03,91.92,92.94,91.85,92.77,3823800,85.98
2012-10-04,93.04,94.00,92.99,93.31,3516700,86.48
2012-10-05,93.75,94.13,93.40,93.74,3906800,86.87
2012-10-08,93.70,93.86,93.03,93.35,2944600,86.51
2012-10-09,92.78,93.23,91.49,91.50,4057500,84.80
2012-10-10,91.66,92.36,90.70,90.78,3794600,84.13
2012-10-11,91.84,91.84,90.62,90.84,4422300,84.19
2012-10-12,91.48,92.78,91.37,91.70,3617300,84.98
2012-10-15,92.15,92.31,91.50,92.06,4761400,85.32
2012-10-16,92.49,92.80,91.94,92.52,2996300,85.74
2012-10-17,92.21,92.82,91.83,91.85,4829300,85.12
2012-10-18,89.08,90.36,87.96,88.00,8848900,81.56
2012-10-19,88.16,89.57,88.00,88.12,7140900,81.67
2012-10-22,88.28,89.41,88.10,89.20,4386700,82.67
2012-10-23,88.51,88.51,87.40,87.91,4171500,81.47
2012-10-24,87.80,88.43,87.51,87.73,3948800,81.30
2012-10-25,88.32,88.56,87.53,87.73,3710500,81.30
2012-10-26,87.95,88.97,87.48,88.28,4375000,81.81
2012-10-31,89.24,89.50,88.26,88.56,5379100,82.07
2012-11-01,88.97,89.43,87.56,87.59,5298000,81.18
2012-11-02,87.65,88.47,86.87,86.93,9707000,80.56
2012-11-05,86.61,87.45,85.66,86.79,4741200,80.43
2012-11-06,87.00,87.86,86.92,87.39,4059800,80.99
2012-11-07,87.16,87.59,86.34,86.35,5175400,80.03
2012-11-08,86.42,87.22,85.52,85.55,4271600,79.28
2012-11-09,84.77,86.48,84.53,85.42,3982600,79.16
2012-11-12,85.32,86.21,84.90,84.98,3493200,78.76
2012-11-13,84.59,85.55,84.35,84.42,5288800,78.24
2012-11-14,84.40,85.17,82.24,82.39,8158500,76.36
2012-11-15,82.20,84.03,82.10,83.97,7166800,77.82
2012-11-16,84.21,85.20,83.89,84.93,6501000,78.71
2012-11-19,85.59,86.86,85.54,86.86,5035500,80.50
2012-11-20,86.93,88.13,86.86,88.10,5853300,81.65
2012-11-21,88.18,88.88,88.01,88.72,3296700,82.22
2012-11-23,89.00,90.43,88.90,90.41,2169500,83.79
2012-11-26,89.84,90.00,89.14,89.87,3384100,83.29
2012-11-27,90.52,90.52,89.07,89.13,4474400,82.60
2012-11-28,89.00,90.04,88.25,89.91,5520800,83.33
2012-11-29,89.97,90.84,89.49,90.33,5658300,83.71
2012-11-30,89.93,90.40,89.56,89.88,7562500,83.30
2012-12-03,90.01,90.49,89.73,89.80,3848200,83.22
2012-12-04,89.81,89.95,88.95,88.95,4145400,82.44
2012-12-05,89.07,89.42,88.18,88.53,6070300,82.05
2012-12-06,88.65,89.57,88.38,88.67,4198900,82.18
2012-12-07,88.67,89.70,88.67,89.47,3897500,82.92
2012-12-10,89.16,89.96,88.99,89.07,3619300,82.55
2012-12-11,89.49,89.72,88.17,88.46,4918500,81.98
2012-12-12,88.90,89.70,88.51,88.78,4600700,82.28
2012-12-13,88.69,89.20,87.91,88.20,3898500,81.74
2012-12-14,87.51,88.30,87.51,87.75,4875800,81.32
2012-12-17,87.95,88.47,87.11,87.39,5717300,80.99
2012-12-18,87.28,87.45,85.38,86.51,8176600,80.17
2012-12-19,86.52,86.76,84.62,84.65,9307000,78.45
2012-12-20,84.44,85.57,83.79,85.50,7770400,79.27
2012-12-21,85.19,85.76,84.10,84.95,10896300,78.76
2012-12-24,83.60,84.26,83.60,83.74,2435100,77.72
2012-12-26,83.83,83.85,82.81,82.95,3509600,76.99
2012-12-27,83.14,83.93,82.91,83.77,5230400,77.75
2012-12-28,83.20,83.99,82.60,82.65,3911100,76.71
2012-12-31,82.72,83.74,82.44,83.64,5705000,77.63
2013-01-02,84.70,86.77,84.33,86.74,6499100,80.51
2013-01-03,86.94,87.32,85.40,85.86,5817000,79.69
2013-01-04,86.00,86.65,85.87,86.52,4205800,80.30
2013-01-07,86.17,86.70,85.91,86.25,3980800,80.05
2013-01-08,86.22,86.56,85.97,86.09,4426100,79.90
2013-01-09,86.35,86.66,85.51,85.83,4776300,79.66
2013-01-10,86.38,87.29,86.32,87.29,5312800,81.02
2013-01-11,88.53,89.83,88.53,89.23,8106000,82.82
2013-01-14,89.34,89.66,88.77,89.07,4521100,82.67
2013-01-15,88.65,89.31,88.55,88.92,4439700,82.53
2013-01-16,88.44,88.78,87.90,88.34,3400400,81.99
2013-01-17,88.66,89.39,88.47,89.14,4568300,82.73
2013-01-18,89.41,89.98,88.90,89.98,5443600,83.51
2013-01-22,89.93,90.29,89.25,90.03,5937000,83.56
2013-01-23,89.73,90.00,88.54,88.84,4865200,82.45
2013-01-24,89.12,90.00,88.76,89.76,4403600,83.31
2013-01-25,89.83,90.00,89.00,89.42,4499700,82.99
2013-01-28,89.31,89.40,88.88,89.00,4549700,82.60
2013-01-29,88.64,89.56,88.55,88.91,4972700,82.52
2013-01-30,88.44,88.67,87.40,87.65,6468300,81.35
2013-01-31,87.81,89.02,87.65,88.16,5045200,81.82
2013-02-01,88.92,88.97,87.66,88.13,5420400,81.80
2013-02-04,87.53,88.05,86.80,87.33,5808700,81.05
2013-02-05,87.43,88.14,87.31,87.96,4546200,81.64
2013-02-06,87.75,87.92,87.36,87.69,3920500,81.39
2013-02-07,87.15,90.00,86.85,89.82,7478500,83.36
2013-02-08,89.64,90.85,89.64,90.45,4366500,83.95
2013-02-11,90.40,90.82,90.24,90.35,3283400,83.86
2013-02-12,90.63,90.73,90.01,90.14,3638500,83.66
2013-02-13,90.43,91.47,90.43,90.99,3852800,84.45
2013-02-14,90.86,90.99,89.85,90.01,5268700,83.54
2013-02-15,90.06,91.00,89.40,89.99,5235600,83.52
2013-02-19,90.37,91.40,90.09,91.31,4428500,84.75
2013-02-20,91.28,92.79,90.75,92.09,4866700,85.47
2013-02-21,91.61,93.61,91.35,93.13,5990900,86.44
2013-02-22,93.22,93.48,92.63,93.42,4070600,86.70
2013-02-25,93.28,93.57,91.55,91.56,6398900,84.98
2013-02-26,92.03,92.59,91.16,91.60,5150100,85.02
2013-02-27,91.36,91.82,90.73,91.43,4801300,84.86
2013-02-28,91.68,92.25,91.38,91.75,6038900,85.15
2013-03-01,91.69,92.67,91.14,91.44,4554100,84.87
2013-03-04,91.48,92.57,91.47,92.36,4116200,85.72
2013-03-05,92.50,92.92,91.92,92.28,4552800,85.65
2013-03-06,92.34,92.63,91.41,91.60,4083800,85.02
2013-03-07,91.40,91.96,91.40,91.81,3178600,85.21
2013-03-08,91.87,91.92,90.91,91.11,3946700,84.56
2013-03-11,90.90,91.55,90.82,91.21,3249400,84.65
2013-03-12,91.38,91.42,90.30,90.89,4420000,84.36
2013-03-13,90.84,90.90,90.04,90.55,4122500,84.04
2013-03-14,90.93,91.60,90.83,91.31,5079000,84.75
2013-03-15,90.98,91.63,90.24,91.37,9899400,84.80
2013-03-18,90.54,90.93,90.25,90.36,4503000,83.86
2013-03-19,90.59,91.22,90.29,90.81,3717900,84.28
2013-03-20,91.00,91.71,90.99,91.42,4184500,84.85
2013-03-21,91.12,91.54,90.88,91.05,4008600,84.51
2013-03-22,91.00,91.97,90.85,91.62,13665900,85.03
2013-03-25,91.99,92.63,91.78,91.99,14448600,85.38
2013-03-26,91.54,91.81,90.99,91.76,4675200,85.96
2013-03-27,91.29,92.64,91.24,92.00,4168300,86.18
2013-03-28,92.04,92.94,91.95,92.71,4424700,86.85
2013-04-01,92.74,92.81,92.07,92.78,2946600,86.91
2013-04-02,93.05,94.45,92.90,94.41,4619000,88.44
2013-04-03,94.58,95.32,94.07,94.36,6293500,88.39
2013-04-04,94.74,95.26,94.35,94.53,3820000,88.55
2013-04-05,93.79,94.00,92.33,92.72,5033400,86.86
2013-04-08,92.94,94.49,92.80,94.44,3674300,88.47
2013-04-09,94.77,95.10,94.06,94.54,3295400,88.56
2013-04-10,94.89,95.42,94.24,95.26,3744500,89.24
2013-04-11,95.33,96.07,95.03,95.60,3718300,89.56
2013-04-12,95.67,96.60,95.30,96.44,3944500,90.34
2013-04-15,95.94,96.17,94.09,94.11,5015900,88.16
2013-04-16,94.46,95.23,93.73,94.97,5630000,88.97
2013-04-17,94.57,94.72,93.52,94.04,4342800,88.09
2013-04-18,92.00,92.62,90.70,91.69,8277400,85.89
2013-04-19,91.94,92.60,91.50,91.95,5951000,86.14
2013-04-22,91.90,92.95,91.67,92.82,4176900,86.95
2013-04-23,93.28,93.88,92.00,93.60,4274000,87.68
2013-04-24,93.77,94.94,93.64,94.05,5209100,88.10
2013-04-25,94.47,94.81,94.21,94.64,3363200,88.66
2013-04-26,94.77,95.72,94.67,95.31,4369700,89.28
2013-04-29,95.31,96.12,94.96,95.96,3802700,89.89
2013-04-30,95.83,95.90,95.06,95.59,3716400,89.55
2013-05-01,95.32,96.73,95.22,95.67,5123100,89.62
2013-05-02,95.88,96.04,94.54,95.01,5691600,89.00
2013-05-03,95.46,95.60,94.05,94.26,5661500,88.30
2013-05-06,93.78,94.08,92.85,93.11,6189600,87.22
2013-05-07,93.12,93.89,93.00,93.61,4977600,87.69
2013-05-08,93.65,94.56,93.47,94.51,4239000,88.53
2013-05-09,94.38,94.54,93.43,93.71,3770900,87.79
2013-05-10,93.95,94.10,93.00,93.32,5357900,87.42
2013-05-13,93.16,94.54,93.03,94.04,4749300,88.09
2013-05-14,93.97,95.04,93.84,94.96,4634400,88.96
2013-05-15,95.06,96.31,94.97,96.30,5042600,90.21
2013-05-16,95.81,96.32,95.25,95.44,5138800,89.41
2013-05-17,95.53,96.01,94.96,95.68,5141000,89.63
2013-05-20,95.68,95.75,94.75,95.00,3855300,88.99
2013-05-21,94.94,94.97,93.69,94.40,5202400,88.43
2013-05-22,93.94,95.33,93.75,93.97,7011900,88.03
2013-05-23,93.40,94.60,93.30,94.31,5458000,88.35
2013-05-24,93.86,94.43,93.33,94.12,3815700,88.17
2013-05-28,94.89,95.60,93.16,93.36,6276300,87.46
2013-05-29,92.67,92.74,91.45,92.25,6789000,86.42
2013-05-30,92.25,92.91,92.02,92.42,4373900,86.58
2013-05-31,91.97,92.57,90.89,90.91,7408600,85.16
2013-06-03,90.95,92.66,90.20,92.38,6554000,86.54
2013-06-04,92.38,92.82,91.42,91.89,4728500,86.08
2013-06-05,91.66,91.72,90.41,90.47,4480200,84.75
2013-06-06,90.15,92.00,89.43,92.00,9930500,86.18
2013-06-07,92.65,93.07,91.07,92.09,5650600,86.27
2013-06-10,92.26,92.73,91.41,91.63,3888200,85.84
2013-06-11,91.09,92.33,90.85,91.23,3648100,85.46
2013-06-12,91.70,92.15,91.10,91.65,4194800,85.86
2013-06-13,91.74,92.77,91.36,92.58,3899900,86.73
2013-06-14,92.32,93.17,91.97,92.12,3811100,86.30
2013-06-17,92.43,93.00,91.82,92.47,4584500,86.62
2013-06-18,92.51,92.88,91.94,92.65,2888100,86.79
2013-06-19,92.73,93.13,90.26,90.26,4843400,84.55
2013-06-20,89.86,89.86,86.33,86.63,9511400,81.15
2013-06-21,87.48,88.44,86.65,87.46,11088400,81.93
2013-06-24,86.61,88.03,86.05,86.85,6824800,81.36
2013-06-25,86.57,86.94,86.05,86.50,6387200,81.83
2013-06-26,87.12,88.41,86.94,87.54,6448100,82.82
2013-06-27,88.37,88.96,87.69,87.78,5276500,83.04
2013-06-28,87.50,88.32,86.56,86.62,11121000,81.95
2013-07-01,87.11,87.96,87.11,87.53,5338100,82.81
2013-07-02,87.39,88.38,87.05,87.56,4775900,82.83
2013-07-03,87.08,88.18,86.80,87.75,2070400,83.01
2013-07-05,88.12,88.25,86.58,87.51,3039500,82.79
2013-07-08,88.01,89.12,87.78,88.57,4373500,83.79
2013-07-09,89.28,89.90,88.93,89.18,4290500,84.37
2013-07-10,89.22,89.91,88.22,88.43,5005700,83.66
2013-07-11,89.84,91.08,89.66,90.34,5808600,85.46
2013-07-12,90.99,91.40,89.04,89.70,4957000,84.86
2013-07-15,89.68,90.18,89.21,89.61,3612400,84.77
2013-07-16,89.52,90.75,89.31,89.95,4933700,85.10
2013-07-17,90.26,90.65,89.71,89.71,4354200,84.87
2013-07-18,88.28,90.20,87.65,89.25,6148200,84.43
2013-07-19,89.31,89.49,88.45,88.61,5242400,83.83
2013-07-22,89.00,90.10,88.57,89.23,4326700,84.41
2013-07-23,89.20,89.68,88.58,88.78,4164800,83.99
2013-07-24,88.84,88.93,87.89,88.54,5171600,83.76
2013-07-25,88.09,89.67,88.09,89.22,3956400,84.41
2013-07-26,88.68,88.99,87.72,88.88,3825700,84.08
2013-07-29,88.60,89.14,88.35,88.67,3250200,83.88
2013-07-30,89.10,89.44,88.67,89.17,3672200,84.36
2013-07-31,89.14,89.94,88.83,89.18,5371200,84.37
2013-08-01,89.61,89.90,89.37,89.71,5262700,84.87
2013-08-02,89.39,89.75,89.11,89.59,3507000,84.76
2013-08-05,89.39,89.56,88.71,89.22,2791100,84.41
2013-08-06,89.01,89.17,88.56,88.77,4230000,83.98
2013-08-07,88.65,88.65,87.88,88.21,4218900,83.45
2013-08-08,88.52,89.80,88.41,89.36,4193400,84.54
2013-08-09,89.35,89.57,88.43,88.70,3338200,83.91
2013-08-12,88.21,88.73,88.00,88.30,2918500,83.53
2013-08-13,88.21,88.59,87.58,88.33,3035900,83.56
2013-08-14,88.52,88.98,87.81,88.18,2942200,83.42
2013-08-15,87.79,88.03,86.95,87.14,3630400,82.44
2013-08-16,86.70,87.15,85.60,85.75,4711100,81.12
2013-08-19,85.60,85.80,85.06,85.16,4447100,80.56
2013-08-20,85.22,85.24,84.18,84.21,5963200,79.67
2013-08-21,84.13,84.81,83.67,83.77,7091700,79.25
2013-08-22,83.74,84.37,83.74,84.17,4718800,79.63
2013-08-23,84.35,85.64,84.27,85.37,4331400,80.76
2013-08-26,85.50,85.65,84.41,84.41,3420100,79.85
2013-08-27,83.99,84.59,83.53,84.11,5002600,79.57
2013-08-28,83.77,83.81,82.90,82.95,6096300,78.47
2013-08-29,83.03,84.42,82.86,83.88,4510700,79.35
2013-08-30,83.67,84.00,83.15,83.44,4386000,78.94
2013-09-03,83.83,84.39,83.16,83.40,4725500,78.90
2013-09-04,83.28,84.31,83.20,83.85,3708000,79.32
2013-09-05,83.96,84.75,83.69,84.10,4310700,79.56
2013-09-06,84.38,84.62,83.56,84.19,3574500,79.65
2013-09-09,84.41,84.52,83.73,84.51,3965200,79.95
2013-09-10,84.79,84.91,84.04,84.23,4462500,79.68
2013-09-11,84.69,86.58,84.61,86.56,5591800,81.89
2013-09-12,86.60,86.73,85.98,86.28,4237800,81.62
2013-09-13,86.49,87.88,86.49,87.78,4455700,83.04
2013-09-16,88.68,89.08,87.73,87.85,4262900,83.11
2013-09-17,87.77,88.35,87.72,88.22,4154100,83.46
2013-09-18,88.31,90.22,87.83,89.95,5829800,85.10
2013-09-19,90.08,91.25,89.89,90.54,4761800,85.65
2013-09-20,90.66,90.96,90.36,90.47,20793500,85.59
2013-09-23,90.12,90.16,89.26,89.75,13825500,84.91
2013-09-24,88.49,88.55,87.27,87.41,5731000,83.57
2013-09-25,87.40,87.60,86.56,86.91,3990000,83.09
2013-09-26,87.02,87.72,86.77,87.69,3597600,83.84
2013-09-27,87.26,87.46,86.72,87.33,3319400,83.49
2013-09-30,86.72,87.21,86.28,86.59,4288500,82.78
2013-10-01,86.73,87.43,86.52,87.37,3538600,83.53
2013-10-02,86.98,87.77,86.57,87.72,4335900,83.86
2013-10-03,87.54,87.95,86.80,87.49,3987700,83.64
2013-10-04,87.44,87.69,86.74,87.04,3600100,83.21
2013-10-07,86.63,87.26,86.47,86.58,3728500,82.77
2013-10-08,86.42,87.03,85.90,85.94,4643400,82.16
2013-10-09,86.08,86.42,84.16,84.16,7307300,80.46
2013-10-10,84.80,86.20,84.80,86.16,5831400,82.37
2013-10-11,86.29,86.71,84.71,85.03,5988600,81.29
2013-10-14,84.69,87.05,84.66,86.69,4534500,82.88
2013-10-15,86.56,86.56,85.40,85.50,4978700,81.74
2013-10-16,85.95,86.25,85.40,86.09,4808700,82.31
2013-10-17,85.83,87.50,85.79,86.89,6286300,83.07
2013-10-18,86.85,87.24,86.11,86.93,5654300,83.11
2013-10-21,86.64,86.97,86.38,86.85,3437900,83.03
2013-10-22,86.77,87.92,86.21,87.78,5247600,83.92
2013-10-23,87.40,88.82,87.29,88.12,4229100,84.25
2013-10-24,88.65,89.21,88.01,88.18,5116000,84.30
2013-10-25,87.77,88.65,87.69,88.60,4610000,84.71
2013-10-28,88.73,90.38,88.51,89.90,5250800,85.95
2013-10-29,90.10,90.50,89.40,90.36,4294300,86.39
2013-10-30,90.59,90.66,89.31,89.34,3723500,85.41
2013-10-31,89.23,90.10,88.80,89.12,5339800,85.20
2013-11-01,89.36,90.15,89.20,89.76,4094500,85.81
2013-11-04,90.15,90.35,89.59,90.25,3589200,86.28
2013-11-05,90.07,90.49,89.83,90.13,3085100,86.17
2013-11-06,90.44,91.24,90.28,91.01,3902600,87.01
2013-11-07,91.04,91.25,89.59,89.97,5184400,86.02
2013-11-08,89.74,89.79,88.71,89.41,4972600,85.48
2013-11-11,89.36,90.97,89.25,89.73,3417700,85.79
2013-11-12,89.61,89.76,88.83,89.75,3910100,85.81
2013-11-13,89.40,90.72,89.36,90.62,3723300,86.64
2013-11-14,90.67,91.24,90.59,90.70,3765700,86.71
2013-11-15,90.55,91.40,90.48,91.36,4089300,87.34
2013-11-18,91.32,91.81,91.32,91.64,3463800,87.61
2013-11-19,91.45,91.68,91.04,91.47,3162500,87.45
2013-11-20,91.53,91.81,88.60,89.30,10067500,85.37
2013-11-21,87.34,87.96,84.90,86.60,15638000,82.79
2013-11-22,86.78,87.29,86.28,86.95,7114700,83.13
2013-11-25,87.14,87.18,86.21,86.29,4688400,82.50
2013-11-26,86.12,86.37,84.86,85.48,8403300,81.72
2013-11-27,85.44,85.77,85.25,85.50,3626400,81.74
2013-11-29,85.75,86.01,85.30,85.54,2990400,81.78
2013-12-02,85.33,85.70,85.00,85.07,3904000,81.33
2013-12-03,84.85,85.76,84.85,85.76,5200800,81.99
2013-12-04,85.32,86.04,85.01,85.91,4495400,82.13
2013-12-05,85.69,86.09,85.11,85.51,5591800,81.75
2013-12-06,86.31,86.55,85.60,85.83,4844800,82.06
2013-12-09,86.04,86.44,85.59,86.35,4597600,82.55
2013-12-10,86.25,86.49,85.38,85.79,4756300,82.02
2013-12-11,86.01,86.29,85.51,85.92,5352100,82.14
2013-12-12,85.73,85.85,85.21,85.32,4616800,81.57
2013-12-13,85.45,85.58,84.90,85.24,3650000,81.49
2013-12-16,85.27,85.27,84.62,84.75,5500600,81.02
2013-12-17,84.71,84.86,84.32,84.65,5663200,80.93
2013-12-18,84.99,85.56,83.81,85.48,6874300,81.72
2013-12-19,85.33,85.68,84.82,85.48,5667300,81.72
2013-12-20,85.55,85.86,85.31,85.52,9643600,81.76
2013-12-23,84.84,85.39,84.33,85.25,4166600,82.41
2013-12-24,85.09,85.99,85.01,85.43,1909600,82.58
2013-12-26,85.48,86.14,85.43,86.01,2624000,83.14
2013-12-27,86.20,86.93,86.09,86.74,3046000,83.85
2013-12-30,86.57,86.89,85.84,86.60,3908300,83.71
2013-12-31,86.63,87.34,86.42,87.13,3799000,84.23
2014-01-02,87.00,87.20,85.75,86.02,3748000,83.15
2014-01-03,86.25,86.50,85.51,85.53,3847000,82.68
2014-01-06,85.55,85.57,84.55,84.93,5323900,82.10
2014-01-07,85.12,85.67,84.53,84.68,7502500,81.86
2014-01-08,84.50,84.61,82.93,83.27,10906300,80.49
2014-01-09,83.25,83.63,82.61,83.31,6690100,80.53
2014-01-10,83.96,84.05,82.41,82.57,9047600,79.82
2014-01-13,82.44,82.96,82.27,82.45,6999000,79.70
2014-01-14,82.74,83.00,82.31,82.45,6103200,79.70
2014-01-15,82.45,83.30,82.35,83.08,5525800,80.31
2014-01-16,82.96,84.55,82.62,84.52,6866200,81.70
2014-01-17,84.13,84.26,83.20,83.33,6171600,80.55
2014-01-21,84.32,84.54,83.41,83.99,4528100,81.19
2014-01-22,83.92,84.41,83.45,84.19,3401900,81.38
2014-01-23,83.61,84.41,83.00,83.54,4534300,80.76
2014-01-24,82.96,83.18,81.50,81.50,8040200,78.78
2014-01-27,81.63,81.86,80.77,80.78,5444200,78.09
2014-01-28,80.89,81.01,80.51,80.81,5951100,78.12
2014-01-29,80.47,80.47,78.33,79.44,10371500,76.79
2014-01-30,79.61,79.80,78.93,79.09,7011600,76.45
2014-01-31,78.31,78.95,77.19,78.14,8001800,75.54
2014-02-03,78.09,78.19,75.28,75.39,9837000,72.88
2014-02-04,75.85,77.23,75.57,76.88,7917900,74.32
2014-02-05,76.56,77.08,76.06,76.90,7038800,74.34
2014-02-06,76.88,78.79,76.66,78.11,8400900,75.51
2014-02-07,78.33,80.29,78.17,80.25,8628100,77.58
2014-02-10,79.95,80.10,78.44,78.81,6526000,76.18
2014-02-11,78.61,79.50,78.01,79.46,6011300,76.81
2014-02-12,79.64,79.66,78.31,78.44,5160000,75.83
2014-02-13,78.25,79.32,77.55,79.24,4595200,76.60
2014-02-14,79.31,80.55,78.88,80.39,6641400,77.71
2014-02-18,80.21,80.94,80.00,80.01,5987900,77.34
2014-02-19,79.77,80.19,79.50,79.60,4469700,76.95
2014-02-20,79.63,80.15,79.25,79.71,4545900,77.05
2014-02-21,79.64,79.94,78.90,78.97,5425100,76.34
2014-02-24,78.79,79.64,78.52,79.17,5043600,76.53
2014-02-25,79.40,80.09,79.33,79.93,5361500,77.27
2014-02-26,80.05,80.08,78.92,79.50,5278200,76.85
2014-02-27,79.50,81.14,79.35,80.78,5974200,78.09
2014-02-28,81.16,81.60,80.51,80.91,4569000,78.21
2014-03-03,80.25,80.97,79.77,80.45,5289900,77.77
2014-03-04,81.00,81.86,80.99,81.58,5595700,78.86
2014-03-05,81.87,81.88,80.77,81.07,3844300,78.37
2014-03-06,81.20,81.50,80.79,80.91,5150000,78.21
2014-03-07,81.02,81.04,79.22,80.34,5384600,77.66
2014-03-10,80.32,80.57,80.04,80.43,4571400,77.75
2014-03-11,80.62,80.85,79.15,79.52,5318200,76.87
2014-03-12,79.15,79.45,78.79,79.17,4363900,76.53
2014-03-13,79.41,79.89,79.06,79.23,4285700,76.59
2014-03-14,79.25,80.48,79.18,79.89,4814700,77.23
2014-03-17,80.01,80.68,80.00,80.28,4453800,77.60
2014-03-18,80.28,80.91,80.14,80.47,3698700,77.79
2014-03-19,80.47,81.20,79.41,79.66,4961100,77.01
2014-03-20,79.63,80.46,79.45,80.43,4402700,77.75
2014-03-21,81.09,81.45,80.54,81.00,10868500,78.30
2014-03-24,81.12,81.19,80.31,80.42,5277300,77.74
2014-03-25,79.68,80.36,79.67,80.20,4736800,78.44
2014-03-26,80.18,81.04,80.18,80.42,4872200,78.66
2014-03-27,80.25,80.43,79.93,80.07,4652800,78.32
2014-03-28,80.21,81.02,80.15,81.02,4106000,79.25
2014-03-31,81.23,81.95,81.03,81.87,6300400,80.08
2014-04-01,81.74,82.33,81.70,82.21,5297200,80.41
2014-04-02,82.32,82.50,82.16,82.46,4265000,80.65
2014-04-03,82.53,82.68,82.00,82.28,3642600,80.48
2014-04-04,82.93,83.15,82.52,82.81,5710300,81.00
2014-04-07,82.76,83.32,82.73,82.89,5229900,81.08
2014-04-08,82.97,84.24,82.97,83.82,5546700,81.98
2014-04-09,83.96,84.02,83.27,83.88,3845000,82.04
2014-04-10,84.08,84.97,83.36,83.52,6411300,81.69
2014-04-11,83.36,83.99,82.71,83.14,5563000,81.32
2014-04-14,83.65,84.47,83.36,84.17,4928000,82.33
2014-04-15,84.09,84.48,83.55,84.38,4872600,82.53
2014-04-16,84.75,84.82,84.10,84.79,5248400,82.93
2014-04-17,83.62,84.05,82.12,83.15,7858500,81.33
2014-04-21,82.98,83.61,82.50,83.50,3709400,81.67
2014-04-22,83.35,83.89,82.96,83.54,3728000,81.71
2014-04-23,83.49,83.94,83.25,83.35,3745500,81.53
2014-04-24,83.20,84.01,83.01,83.49,3697000,81.66
2014-04-25,83.40,84.20,83.40,84.11,4375200,82.27
2014-04-28,84.58,85.62,84.47,84.98,7172000,83.12
2014-04-29,84.98,85.83,84.87,85.19,4488500,83.32
2014-04-30,85.01,85.59,84.79,85.43,4974100,83.56
2014-05-01,85.49,85.96,85.21,85.72,3504500,83.84
2014-05-02,85.77,85.77,85.15,85.38,3596100,83.51
2014-05-05,85.02,85.51,84.82,85.34,2328300,83.47
2014-05-06,85.18,85.55,85.00,85.28,3258100,83.41
2014-05-07,85.29,85.93,85.11,85.80,3605000,83.92
2014-05-08,85.71,86.38,85.20,86.21,3510800,84.32
2014-05-09,86.03,86.52,85.94,86.40,2863700,84.51
2014-05-12,86.82,86.90,85.89,86.13,3232800,84.24
2014-05-13,86.28,86.32,85.63,85.93,3710200,84.05
2014-05-14,85.91,86.27,85.59,85.75,3195000,83.87
2014-05-15,85.80,86.19,85.15,85.33,4108200,83.46
2014-05-16,85.23,85.98,85.20,85.77,6359700,83.89
2014-05-19,85.72,85.80,85.34,85.74,2706100,83.86
2014-05-20,85.48,85.50,85.02,85.22,3396700,83.35
2014-05-21,85.21,86.50,84.93,86.15,4995100,84.26
2014-05-22,86.18,86.73,85.87,86.29,4631100,84.40
2014-05-23,86.14,86.90,86.12,86.57,3790800,84.67
2014-05-27,86.53,87.16,86.22,86.91,4153800,85.01
2014-05-28,86.88,87.50,86.48,87.35,4278900,85.44
2014-05-29,87.62,88.70,87.38,88.37,4782200,86.44
2014-05-30,88.25,88.80,88.05,88.54,4173100,86.60
2014-06-02,88.33,88.74,88.05,88.32,3233900,86.39
2014-06-03,88.25,88.49,87.62,87.89,3073000,85.97
2014-06-04,87.77,88.21,87.57,87.97,2517400,86.04
2014-06-05,88.00,88.16,87.67,87.90,3347300,85.98
2014-06-06,88.00,88.56,87.90,88.33,2543600,86.40
2014-06-09,88.01,88.47,87.81,88.33,2864400,86.40
2014-06-10,87.89,88.57,87.81,88.39,3476500,86.45
2014-06-11,88.16,88.74,88.16,88.44,3261400,86.50
2014-06-12,88.21,88.71,88.07,88.24,3950000,86.31
2014-06-13,88.17,88.63,87.88,88.45,3162800,86.51
2014-06-16,88.37,89.36,88.07,89.03,4550100,87.08
2014-06-17,88.78,89.00,88.41,88.74,4217400,86.80
2014-06-18,88.82,89.97,88.44,89.88,4837600,87.91
2014-06-19,89.97,91.47,89.91,91.34,7145000,89.34
2014-06-20,91.39,91.63,90.78,91.14,9003100,89.14
2014-06-23,91.15,91.24,90.27,90.43,5492400,88.45
2014-06-24,89.12,89.94,88.73,89.37,5337600,88.33
2014-06-25,89.30,89.30,88.28,88.89,4663400,87.86
2014-06-26,86.80,86.91,85.98,86.49,10749000,85.48
2014-06-27,86.17,86.17,84.05,84.85,16140800,83.86
2014-06-30,84.63,84.90,84.16,84.31,8020400,83.33
2014-07-01,84.35,84.54,83.87,84.21,6615400,83.23
2014-07-02,84.21,85.10,83.83,84.86,4335400,83.87
2014-07-03,84.76,86.09,84.73,85.69,3562500,84.69
2014-07-07,85.58,86.45,85.46,86.08,4229900,85.08
2014-07-08,86.13,86.66,85.94,86.29,3726100,85.29
2014-07-09,86.51,86.85,85.82,86.03,3188000,85.03
2014-07-10,85.61,86.04,84.88,84.90,5465500,83.91
2014-07-11,85.60,86.08,84.84,85.41,4861300,84.42
2014-07-14,85.92,86.26,85.75,85.95,3470200,84.95
2014-07-15,85.57,85.61,84.48,84.59,5770400,83.61
2014-07-16,84.99,85.55,84.49,84.70,6244300,83.72
2014-07-17,84.58,86.65,84.52,84.55,5932700,83.57
2014-07-18,85.01,86.15,84.90,86.02,4563900,85.02
2014-07-21,85.29,85.78,85.20,85.57,3273300,84.58
2014-07-22,85.66,85.89,85.26,85.38,2741900,84.39
2014-07-23,85.53,85.73,84.97,85.08,2750300,84.09
2014-07-24,85.29,85.78,85.25,85.54,3703000,84.55
2014-07-25,85.32,85.53,84.57,84.85,2715100,83.86
2014-07-28,84.98,84.98,84.10,84.48,3053900,83.50
2014-07-29,84.50,85.38,84.50,84.65,2677200,83.67
2014-07-30,84.72,85.07,83.14,83.19,4670900,82.22
2014-07-31,82.96,82.99,82.00,82.01,4633400,81.06
2014-08-01,82.00,82.59,81.72,81.90,3956500,80.95
2014-08-04,81.80,82.33,81.50,82.13,3293400,81.18
2014-08-05,81.85,82.26,81.19,81.58,3710200,80.63
2014-08-06,81.59,83.95,81.59,83.48,5053700,82.51
2014-08-07,83.55,83.90,82.38,82.71,4445100,81.75
2014-08-08,82.80,83.95,82.60,83.84,3809400,82.87
2014-08-11,83.97,84.96,83.75,84.35,3414500,83.37
2014-08-12,84.12,84.26,83.74,84.18,2196300,83.20
2014-08-13,84.44,84.82,84.23,84.47,2360600,83.49
2014-08-14,84.49,84.99,84.47,84.93,1795900,83.94
2014-08-15,85.10,85.17,83.82,84.50,4226900,83.52
2014-08-18,84.71,85.10,84.63,84.99,3080800,84.00
2014-08-19,85.10,85.47,84.63,85.38,2272800,84.39
2014-08-20,85.21,85.37,84.60,85.09,2441400,84.10
2014-08-21,85.23,85.69,85.12,85.15,2183800,84.16
2014-08-22,84.82,85.23,84.20,84.34,3774400,83.36
2014-08-25,84.93,85.54,84.93,85.19,2858700,84.20
2014-08-26,85.24,85.46,84.83,85.26,2466200,84.27
2014-08-27,85.13,85.29,84.83,85.25,2094300,84.26
2014-08-28,84.92,85.38,84.84,85.26,1797300,84.27
2014-08-29,85.28,85.69,85.04,85.58,2570600,84.59
2014-09-02,85.30,85.90,85.06,85.49,3344100,84.50
2014-09-03,85.85,85.88,85.20,85.40,2448900,84.41
2014-09-04,85.77,85.79,84.79,84.99,3143300,84.00
2014-09-05,85.06,85.50,84.81,85.45,2782300,84.46
2014-09-08,85.29,85.36,83.92,84.00,4851400,83.02
2014-09-09,84.10,84.31,83.63,83.83,3892300,82.86
2014-09-10,84.12,84.41,83.81,84.19,3433300,83.21
2014-09-11,84.15,84.56,83.95,84.50,4369800,83.52
2014-09-12,84.71,84.75,83.72,84.02,3585700,83.04
