Date,Open,High,Low,Close,Volume,Adj Close
2013-01-02,34.92,35.40,34.10,35.12,13767900,32.71
2013-01-03,35.00,35.00,34.16,34.83,16739300,32.44
2013-01-04,34.62,34.89,34.25,34.39,21372100,32.03
2013-01-07,34.15,35.45,34.15,34.46,17897100,32.10
2013-01-08,34.29,34.64,33.36,33.71,17863300,31.40
2013-01-09,33.61,33.95,33.61,33.90,18800400,31.58
2013-01-10,33.66,34.00,33.33,34.00,15658100,31.67
2013-01-11,33.59,33.90,33.35,33.85,11191500,31.91
2013-01-14,34.01,34.25,33.80,34.09,11584900,32.13
2013-01-15,33.71,34.72,33.71,34.60,13040200,32.61
2013-01-16,34.47,35.54,34.45,35.54,16512700,33.50
2013-01-17,35.75,36.70,35.75,36.42,14424800,34.33
2013-01-18,36.43,37.32,36.04,37.32,17842200,35.18
2013-01-22,36.98,37.25,35.93,36.42,15809700,34.33
2013-01-23,36.91,37.84,36.50,37.80,10981600,35.63
2013-01-24,37.79,38.52,37.23,37.46,11327100,35.31
2013-01-25,37.52,37.84,36.64,37.60,8934600,35.44
2013-01-28,37.65,37.87,36.71,36.89,7140100,34.77
2013-01-29,36.71,37.46,36.25,37.31,8838500,35.17
2013-01-30,36.81,37.53,36.81,36.93,10841800,34.81
2013-01-31,36.84,36.93,36.27,36.69,10720700,34.58
2013-02-01,36.84,37.20,36.52,37.18,9527500,35.05
2013-02-04,36.64,37.30,36.55,37.28,6348000,35.14
2013-02-05,37.42,37.73,37.18,37.20,7284400,35.06
2013-02-06,36.96,37.28,36.86,37.14,5738900,35.01
2013-02-07,37.57,37.57,35.80,36.42,9872500,34.33
2013-02-08,36.37,36.42,35.83,36.25,13858700,34.17
2013-02-11,36.13,36.18,35.75,35.85,6032100,33.79
2013-02-12,35.77,35.90,35.20,35.42,7473800,33.39
2013-02-13,35.42,35.57,35.15,35.27,4859800,33.25
2013-02-14,35.05,36.73,35.01,36.57,7570100,34.47
2013-02-15,36.93,37.81,36.93,37.58,13296300,35.42
2013-02-19,37.54,38.33,37.11,38.19,8292700,36.00
2013-02-20,38.16,39.13,37.61,38.61,8096400,36.39
2013-02-21,38.49,39.03,38.19,38.78,7260900,36.55
2013-02-22,38.79,38.85,38.14,38.46,4490400,36.25
2013-02-25,38.54,38.61,37.37,37.37,4665600,35.22
2013-02-26,37.60,37.60,36.96,37.09,4463000,34.96
2013-02-27,36.97,36.98,36.40,36.73,12238400,34.62
2013-02-28,36.66,37.14,36.50,36.92,10321000,34.80
2013-03-01,36.80,38.07,36.55,37.81,8929400,35.64
2013-03-04,37.53,38.25,37.53,38.24,5420800,36.04
2013-03-05,38.45,38.57,37.29,37.51,6650400,35.36
2013-03-06,37.56,37.86,37.37,37.74,5489500,35.57
2013-03-07,37.65,38.01,37.44,37.49,4442500,35.34
2013-03-08,37.64,37.65,37.16,37.34,4114500,35.20
2013-03-11,37.25,38.15,37.08,37.67,4614400,35.51
2013-03-12,37.70,38.30,37.05,37.17,6523900,35.04
2013-03-13,37.20,37.59,37.04,37.17,3710600,35.04
2013-03-14,37.43,37.59,36.86,37.56,9859700,35.40
2013-03-15,37.44,38.54,37.28,38.50,12208300,36.29
2013-03-18,38.05,38.49,37.99,38.16,5178700,35.97
2013-03-19,38.25,38.40,37.84,38.36,5108400,36.16
2013-03-20,38.50,39.19,38.41,39.06,7072900,36.82
2013-03-21,38.82,38.97,38.48,38.49,4736100,36.28
2013-03-22,38.57,38.97,38.30,38.97,3323400,36.73
2013-03-25,39.12,39.52,38.93,39.32,6065000,37.06
2013-03-26,39.57,40.52,39.57,40.21,7249500,37.90
2013-03-27,40.22,40.29,39.66,40.15,4274800,37.85
2013-03-28,40.26,40.80,39.78,40.78,7263400,38.44
2013-04-01,39.96,41.14,39.96,41.12,5740000,38.76
2013-04-02,41.22,41.22,40.52,40.71,5510700,38.37
2013-04-03,40.75,41.45,40.35,40.57,4122100,38.24
2013-04-04,40.77,41.78,40.62,41.60,20687600,39.21
2013-04-05,41.31,41.50,41.09,41.31,14089800,38.94
2013-04-08,41.27,41.87,41.07,41.77,16449200,39.37
2013-04-09,41.96,43.56,41.80,42.55,8673900,40.11
2013-04-10,42.65,43.77,42.50,43.62,7809200,41.12
2013-04-11,43.42,43.71,43.11,43.20,6494100,41.10
2013-04-12,42.97,43.29,42.62,43.09,4199800,40.99
2013-04-15,42.87,43.03,41.41,41.44,7152500,39.42
2013-04-16,41.67,42.53,41.13,42.45,6998000,40.38
2013-04-17,42.14,42.43,41.42,42.24,5046200,40.18
2013-04-18,42.37,42.64,41.89,42.32,5009000,40.26
2013-04-19,42.51,42.58,42.20,42.39,6493200,40.33
2013-04-22,43.00,44.83,42.88,44.20,8531300,42.05
2013-04-23,44.61,46.32,44.40,45.14,9378100,42.94
2013-04-24,45.14,45.34,43.94,44.32,5541300,42.16
2013-04-25,44.75,44.79,43.76,44.24,5236900,42.09
2013-04-26,44.95,46.31,44.75,45.84,10096800,43.61
2013-04-29,45.83,45.93,45.05,45.23,6024700,43.03
2013-04-30,45.05,46.23,45.01,46.05,6798600,43.81
2013-05-01,45.74,46.09,45.55,45.55,6398100,43.33
2013-05-02,45.68,45.68,43.86,43.99,9649400,41.85
2013-05-03,44.31,44.77,43.83,44.68,4641200,42.50
2013-05-06,44.95,44.95,44.15,44.59,4085700,42.42
2013-05-07,44.50,45.00,44.42,44.91,3745600,42.72
2013-05-08,45.01,45.05,43.39,43.49,6973200,41.37
2013-05-09,43.34,44.45,43.25,44.24,5046900,42.09
2013-05-10,44.21,45.01,44.20,45.01,4455800,42.82
2013-05-13,44.79,44.79,44.17,44.54,3738400,42.37
2013-05-14,44.09,45.52,44.09,45.35,5760300,43.14
2013-05-15,45.72,46.93,45.48,46.03,6702500,43.79
2013-05-16,46.06,46.90,46.01,46.21,4605300,43.96
2013-05-17,46.03,47.34,45.85,47.17,5244800,44.87
2013-05-20,47.12,47.14,46.07,46.26,3537800,44.01
2013-05-21,46.19,46.96,46.17,46.54,4708800,44.27
2013-05-22,46.46,48.00,45.85,46.76,5203500,44.48
2013-05-23,46.12,46.95,46.02,46.59,3306200,44.32
2013-05-24,46.25,46.48,45.31,45.44,4511700,43.23
2013-05-28,45.89,46.04,44.70,45.39,6181800,43.18
2013-05-29,44.89,45.18,43.79,43.88,6908400,41.74
2013-05-30,44.07,45.12,44.07,44.55,4852200,42.38
2013-05-31,44.27,44.69,42.68,42.69,9308800,40.61
2013-06-03,42.88,43.58,42.75,43.36,7176800,41.25
2013-06-04,43.42,44.47,43.38,43.63,4528400,41.51
2013-06-05,43.49,43.90,42.69,43.04,4801300,40.94
2013-06-06,43.22,43.57,42.65,43.50,4261300,41.38
2013-06-07,43.72,44.27,43.50,44.00,5463200,41.86
2013-06-10,44.33,44.33,43.22,43.92,4702700,41.78
2013-06-11,43.31,44.05,43.05,43.59,3574800,41.47
2013-06-12,43.91,44.00,42.72,42.77,3742600,40.69
2013-06-13,42.42,43.20,40.10,43.15,6096500,41.05
2013-06-14,42.98,43.50,42.50,43.21,4078500,41.11
2013-06-17,43.40,43.50,42.68,43.01,3457700,40.92
2013-06-18,42.97,43.56,42.63,43.54,3644900,41.42
2013-06-19,43.56,43.83,43.01,43.04,3663300,40.94
2013-06-20,42.65,42.78,40.91,41.06,7474900,39.06
2013-06-21,41.66,42.71,41.20,42.62,9825700,40.55
2013-06-24,42.07,42.40,41.32,41.89,6042400,39.85
2013-06-25,42.15,42.77,41.61,42.63,4686900,40.55
2013-06-26,43.10,43.61,43.03,43.38,4733700,41.27
2013-06-27,43.56,43.98,42.74,43.13,5163900,41.03
2013-06-28,42.53,42.97,41.32,41.34,10753100,39.33
2013-07-01,41.40,41.93,41.07,41.61,4588200,39.58
2013-07-02,41.58,42.57,41.58,42.21,4365900,40.16
2013-07-03,41.88,42.31,41.61,42.23,2417500,40.17
2013-07-05,42.45,42.83,42.31,42.72,2743700,40.64
2013-07-08,42.90,43.69,42.82,43.68,3978300,41.55
2013-07-09,44.00,44.23,43.25,43.32,3805700,41.21
2013-07-10,43.36,44.12,43.36,43.91,3080100,41.77
2013-07-11,43.94,44.11,43.33,43.78,4061400,42.03
2013-07-12,43.93,45.11,43.80,45.05,5693900,43.25
2013-07-15,44.95,44.97,44.54,44.62,3265800,42.84
2013-07-16,44.54,44.77,43.70,43.81,3714500,42.06
2013-07-17,43.97,44.15,43.74,43.96,3645400,42.20
2013-07-18,43.96,44.56,43.81,44.32,3043700,42.55
2013-07-19,44.49,44.91,44.12,44.52,4317900,42.74
2013-07-22,44.30,45.10,43.80,44.97,3810500,43.17
2013-07-23,44.92,45.09,44.23,44.31,3535100,42.54
2013-07-24,44.28,44.37,43.39,43.64,3088100,41.90
2013-07-25,43.41,44.43,43.35,44.24,4088500,42.47
2013-07-26,45.01,45.12,44.17,44.79,4491100,43.00
2013-07-29,44.72,45.45,44.47,45.06,4326200,43.26
2013-07-30,45.08,45.23,44.20,44.70,3619700,42.91
2013-07-31,44.84,45.91,44.81,45.48,6020600,43.66
2013-08-01,45.14,45.90,45.04,45.25,3652400,43.44
2013-08-02,45.11,45.42,44.81,45.32,3190700,43.51
2013-08-05,45.05,45.37,44.48,44.71,2953500,42.92
2013-08-06,44.42,44.99,44.42,44.88,4980600,43.09
2013-08-07,44.70,44.86,44.22,44.57,3299400,42.79
2013-08-08,44.86,45.18,44.61,45.06,2892400,43.26
2013-08-09,44.90,45.00,44.47,44.71,3290800,42.92
2013-08-12,44.71,45.20,44.39,45.04,3826400,43.24
2013-08-13,45.12,45.18,44.68,44.93,2791800,43.14
2013-08-14,44.85,45.23,44.45,44.58,2990500,42.80
2013-08-15,44.60,44.62,43.13,43.21,4363100,41.48
2013-08-16,42.94,43.14,42.42,43.00,6093300,41.28
2013-08-19,43.01,43.81,42.95,43.37,3326900,41.64
2013-08-20,43.29,43.48,42.85,42.97,2803000,41.25
2013-08-21,42.82,42.88,42.25,42.31,4118800,40.62
2013-08-22,42.40,43.10,42.29,42.92,4077700,41.21
2013-08-23,43.01,43.50,42.85,43.43,2738100,41.70
2013-08-26,43.43,43.74,43.19,43.45,3493400,41.71
2013-08-27,43.02,43.09,42.60,42.63,4473000,40.93
2013-08-28,42.53,42.81,42.35,42.56,3009700,40.86
2013-08-29,42.32,43.09,42.26,42.62,2788900,40.92
2013-08-30,42.76,43.03,42.30,42.61,3170700,40.91
2013-09-03,43.00,43.28,42.31,42.59,2925600,40.89
2013-09-04,42.60,43.14,42.59,43.13,3190700,41.41
2013-09-05,43.03,43.66,43.00,43.51,3355500,41.77
2013-09-06,43.53,44.35,42.89,43.89,3992200,42.14
2013-09-09,43.88,44.44,43.50,44.43,3287500,42.66
2013-09-10,44.58,44.81,44.10,44.78,4282300,42.99
2013-09-11,44.81,44.97,44.39,44.95,3441700,43.15
2013-09-12,44.84,44.95,44.50,44.70,2597900,42.91
2013-09-13,44.71,44.89,44.43,44.89,2273500,43.10
2013-09-16,45.32,45.95,45.19,45.82,3531700,43.99
2013-09-17,45.92,47.70,45.86,47.60,7293800,45.70
2013-09-18,47.19,48.42,46.88,47.92,6689400,46.01
2013-09-19,48.21,48.23,47.31,47.40,5326500,45.51
2013-09-20,47.44,48.00,47.33,47.84,10495300,45.93
2013-09-23,47.56,47.56,46.93,47.10,3179500,45.22
2013-09-24,46.95,46.95,45.94,45.98,7162700,44.14
2013-09-25,46.09,46.16,45.02,45.33,4571900,43.52
2013-09-26,45.33,45.62,44.81,45.00,5033900,43.20
2013-09-27,44.87,44.90,44.02,44.33,6617300,42.56
2013-09-30,44.52,44.95,44.03,44.73,5818400,42.94
2013-10-01,44.81,45.90,44.81,45.80,4159700,43.97
2013-10-02,45.34,45.97,45.12,45.95,4056800,44.11
2013-10-03,45.60,46.34,45.10,46.01,7020800,44.17
2013-10-04,46.18,46.88,46.00,46.80,4141400,44.93
2013-10-07,46.12,46.98,46.09,46.09,4703700,44.25
2013-10-08,46.29,46.32,44.39,44.52,7091500,42.74
2013-10-09,44.72,45.31,44.32,44.81,5113000,43.02
2013-10-10,45.10,45.68,44.51,45.68,3967500,44.25
2013-10-11,45.70,45.70,44.96,45.65,2985700,44.22
2013-10-14,45.21,46.45,45.07,46.33,3377300,44.88
2013-10-15,46.05,46.38,45.75,46.08,3533300,44.64
2013-10-16,46.31,47.27,46.20,47.06,4399900,45.59
2013-10-17,46.95,48.32,46.95,48.17,7242400,46.66
2013-10-18,48.38,48.95,47.77,48.33,9212900,46.82
2013-10-21,48.08,48.55,47.76,48.35,4713200,46.84
2013-10-22,48.39,49.31,48.11,49.00,6937500,47.47
2013-10-23,48.76,48.86,48.28,48.33,4130300,46.82
2013-10-24,48.63,48.98,47.74,47.93,5077900,46.43
2013-10-25,49.10,49.83,48.56,49.30,6956800,47.76
2013-10-28,49.13,49.97,48.97,49.42,5555000,47.87
2013-10-29,49.48,50.20,49.48,49.79,5022900,48.23
2013-10-30,49.57,49.57,48.72,48.80,4011600,47.27
2013-10-31,48.68,49.00,48.44,48.45,4563700,46.93
2013-11-01,48.64,49.33,48.50,48.96,3866900,47.43
2013-11-04,49.19,49.19,48.00,48.76,4095600,47.23
2013-11-05,48.59,48.76,48.03,48.17,4095400,46.66
2013-11-06,48.50,48.74,48.00,48.05,4308100,46.55
2013-11-07,48.17,48.36,47.18,47.24,4444900,45.76
2013-11-08,47.13,48.10,46.83,48.03,5190900,46.53
2013-11-11,48.23,48.67,48.19,48.57,2282900,47.05
2013-11-12,48.45,48.48,47.28,47.48,5351100,45.99
2013-11-13,47.36,47.93,47.29,47.85,3745100,46.35
2013-11-14,47.99,48.47,47.69,48.04,3411800,46.54
2013-11-15,48.03,48.75,48.00,48.44,6257100,46.92
2013-11-18,48.89,49.96,48.73,48.87,8585700,47.34
2013-11-19,48.73,49.00,48.37,48.46,4050700,46.94
2013-11-20,48.42,48.54,47.83,47.95,3120300,46.45
2013-11-21,48.28,48.67,47.99,48.57,4459800,47.05
2013-11-22,48.65,49.14,48.57,48.94,5810100,47.41
2013-11-25,49.00,49.28,48.32,48.41,3343200,46.90
2013-11-26,48.38,49.18,48.31,48.60,4732300,47.08
2013-11-27,48.83,48.95,48.24,48.25,3414900,46.74
2013-11-29,48.43,48.93,48.07,48.45,4044300,46.93
2013-12-02,48.49,48.68,48.02,48.39,4321900,46.88
2013-12-03,49.13,50.26,48.97,49.97,9480100,48.41
2013-12-04,49.75,50.29,49.30,49.67,5309200,48.12
2013-12-05,49.42,50.07,49.05,49.76,5449100,48.20
2013-12-06,50.17,51.50,50.05,51.35,7285800,49.74
2013-12-09,51.45,51.81,50.77,51.21,5470800,49.61
2013-12-10,51.25,54.13,50.72,52.14,14906900,50.51
2013-12-11,52.67,53.25,52.02,52.67,10775500,51.02
2013-12-12,52.56,52.62,51.80,52.39,7766400,50.75
2013-12-13,52.30,52.60,51.84,52.37,6465300,50.73
2013-12-16,53.42,54.78,52.98,53.37,9846300,51.70
2013-12-17,53.43,53.92,53.00,53.63,7987300,51.95
2013-12-18,52.78,54.43,52.22,54.32,9635600,52.62
2013-12-19,53.21,53.21,52.02,52.63,8383400,50.98
2013-12-20,52.77,53.01,52.29,52.59,12471800,50.94
2013-12-23,52.73,52.94,52.24,52.58,4957700,50.93
2013-12-24,52.78,52.79,52.28,52.36,1747000,50.72
2013-12-26,52.59,53.06,52.34,52.99,2401500,51.33
2013-12-27,52.92,53.05,52.38,52.55,2354100,50.91
2013-12-30,52.73,53.03,52.60,53.01,2898800,51.35
2013-12-31,52.99,53.06,52.36,52.81,3019700,51.16
2014-01-02,52.12,52.33,51.52,51.98,4569100,50.35
2014-01-03,52.25,52.67,51.97,52.30,4794300,50.66
2014-01-06,52.70,52.70,50.03,50.39,11871100,48.81
2014-01-07,50.84,51.21,50.30,50.49,9719900,48.91
2014-01-08,50.63,51.11,50.24,50.36,6811100,48.78
2014-01-09,50.59,51.65,49.87,51.22,6960300,49.62
2014-01-10,51.27,51.49,50.76,50.90,5517700,49.31
2014-01-13,50.66,50.74,49.64,49.83,7055200,48.65
2014-01-14,49.94,50.88,49.63,50.60,6610800,49.41
2014-01-15,50.65,50.67,50.07,50.11,4728400,48.93
2014-01-16,50.10,50.62,50.02,50.50,4972300,49.31
2014-01-17,50.64,50.66,50.01,50.06,8606800,48.88
2014-01-21,50.26,50.92,49.91,50.00,5823000,48.82
2014-01-22,49.98,50.00,48.62,49.08,8181700,47.92
2014-01-23,48.74,49.06,48.39,48.87,7270500,47.72
2014-01-24,48.42,49.10,47.77,47.79,9197900,46.66
2014-01-27,47.79,47.83,46.42,46.83,10749800,45.72
2014-01-28,47.08,48.47,47.08,47.69,12298600,46.56
2014-01-29,47.15,47.84,46.98,47.61,7608500,46.49
2014-01-30,47.97,48.88,47.90,48.31,7669500,47.17
2014-01-31,49.94,50.55,49.07,49.23,12863500,48.07
2014-02-03,49.40,49.49,47.06,47.35,10314600,46.23
2014-02-04,47.18,47.97,46.95,47.95,9606100,46.82
2014-02-05,47.76,48.07,47.16,47.73,6987100,46.60
2014-02-06,47.89,48.18,47.45,47.93,4957800,46.80
2014-02-07,48.00,49.03,47.66,48.89,6979500,47.74
2014-02-10,48.75,50.19,48.72,49.55,7907500,48.38
2014-02-11,49.41,49.97,49.04,49.66,7217600,48.49
2014-02-12,49.63,50.93,49.59,50.56,6534500,49.37
2014-02-13,50.30,50.52,49.88,50.35,4946000,49.16
2014-02-14,50.56,50.91,50.17,50.73,4118700,49.53
2014-02-18,50.64,51.56,50.56,51.46,4984900,50.24
2014-02-19,51.17,51.86,50.64,51.19,5242800,49.98
2014-02-20,51.19,52.11,50.73,51.86,6078900,50.64
2014-02-21,51.82,51.97,51.01,51.04,5842700,49.83
2014-02-24,51.01,51.56,50.83,50.85,5693000,49.65
2014-02-25,50.93,51.13,50.50,50.72,5425000,49.52
2014-02-26,49.95,50.97,49.93,50.74,5710700,49.54
2014-02-27,50.60,50.92,50.47,50.91,5052900,49.71
2014-02-28,50.84,51.96,50.51,50.91,7095600,49.71
2014-03-03,50.34,50.86,49.79,50.09,6817700,48.91
2014-03-04,50.73,51.73,50.53,51.59,6198000,50.37
2014-03-05,51.68,52.12,51.30,51.70,5251100,50.48
2014-03-06,52.04,52.77,51.97,52.04,6529000,50.81
2014-03-07,52.25,52.50,51.01,51.46,5860700,50.24
2014-03-10,51.90,51.90,50.86,51.66,3086000,50.44
2014-03-11,51.68,52.14,51.50,51.75,3629800,50.53
2014-03-12,51.46,51.74,51.07,51.64,3924800,50.42
2014-03-13,51.89,52.10,51.14,51.32,4839400,50.11
2014-03-14,51.25,51.42,50.80,51.21,5466700,50.00
2014-03-17,51.47,52.19,51.26,51.98,3875500,50.75
2014-03-18,52.08,53.22,51.97,53.10,4712300,51.85
2014-03-19,53.09,53.53,52.44,53.11,6408600,51.86
2014-03-20,52.86,53.80,52.52,53.68,6922700,52.41
2014-03-21,54.22,54.73,53.09,53.46,12930500,52.20
2014-03-24,53.53,53.62,51.35,51.36,10161400,50.15
2014-03-25,51.68,52.10,51.50,51.69,6127200,50.47
2014-03-26,52.00,52.34,51.46,51.50,5684900,50.28
2014-03-27,51.53,51.84,51.43,51.66,4778000,50.44
2014-03-28,51.83,52.13,50.89,50.98,4208300,49.78
2014-03-31,51.34,51.70,50.95,51.40,4813100,50.19
2014-04-01,51.62,52.38,51.54,52.10,4250800,50.87
2014-04-02,52.10,53.41,51.99,53.34,6007200,52.08
2014-04-03,53.35,53.83,53.21,53.50,6841400,52.24
2014-04-04,53.78,54.44,52.05,52.20,7013200,50.97
2014-04-07,51.68,52.31,49.65,50.62,9146600,49.42
2014-04-08,50.35,50.87,48.93,49.10,8246900,47.94
2014-04-09,49.49,50.76,49.26,50.63,6018200,49.43
2014-04-10,50.08,50.27,47.29,47.35,13177200,46.23
2014-04-11,46.58,47.21,45.50,46.46,11465800,45.77
2014-04-14,47.10,47.50,46.21,46.83,7290800,46.13
2014-04-15,47.42,48.09,46.76,47.86,9531100,47.15
2014-04-16,48.58,48.84,47.62,48.12,7151000,47.40
2014-04-17,47.92,48.78,47.72,48.55,6196800,47.83
2014-04-21,48.50,49.45,48.40,49.43,4445000,48.69
2014-04-22,49.49,50.42,49.35,50.01,6613200,49.27
2014-04-23,50.14,50.26,49.39,50.14,6578300,49.39
2014-04-24,50.13,50.13,49.00,49.32,6628800,48.59
2014-04-25,50.21,50.98,48.95,49.14,7289100,48.41
2014-04-28,49.55,50.92,49.50,50.87,7932200,50.11
2014-04-29,50.94,51.53,50.76,51.37,5601300,50.61
2014-04-30,51.38,52.17,51.00,52.08,7430600,51.31
2014-05-01,51.89,52.10,51.41,51.61,4279800,50.84
2014-05-02,51.41,51.72,51.00,51.18,3341300,50.42
2014-05-05,50.99,51.37,50.31,51.36,2580300,50.60
2014-05-06,51.20,51.30,50.83,50.91,3353200,50.15
2014-05-07,52.38,52.87,51.27,52.79,7022600,52.00
2014-05-08,52.69,53.09,51.96,52.15,4092100,51.37
2014-05-09,52.07,52.35,51.08,52.26,5012500,51.48
2014-05-12,52.36,52.56,52.22,52.37,3626400,51.59
2014-05-13,52.45,52.50,51.92,52.20,4145200,51.42
2014-05-14,52.23,53.00,52.08,52.87,4878400,52.08
2014-05-15,52.96,53.07,52.42,52.69,6963800,51.91
2014-05-16,52.65,52.97,52.41,52.93,5826200,52.14
2014-05-19,52.84,54.21,52.71,54.11,6010500,53.30
2014-05-20,53.86,53.93,53.31,53.54,5021200,52.74
2014-05-21,53.50,53.84,53.10,53.27,4088000,52.48
2014-05-22,53.29,54.34,52.94,53.63,4486400,52.83
2014-05-23,53.94,54.38,53.84,53.95,3023500,53.15
2014-05-27,54.20,54.20,53.78,53.99,3816300,53.19
2014-05-28,53.96,54.61,53.82,54.07,4108300,53.27
2014-05-29,54.10,54.45,53.75,54.03,2768600,53.23
2014-05-30,53.98,54.43,53.89,54.33,4025600,53.52
2014-06-02,54.43,54.95,53.91,54.15,3635000,53.34
2014-06-03,54.06,54.47,53.87,54.37,3078000,53.56
2014-06-04,53.92,54.64,53.67,54.58,3388200,53.77
2014-06-05,54.55,55.32,54.36,55.30,4847300,54.48
2014-06-06,55.32,55.40,54.89,55.10,3449800,54.28
2014-06-09,54.42,54.88,53.72,53.84,6297500,53.04
2014-06-10,53.14,54.08,52.29,53.97,8414700,53.17
2014-06-11,53.85,54.70,53.75,54.23,5386800,53.42
2014-06-12,54.22,54.25,53.46,53.66,3941600,52.86
2014-06-13,53.67,54.31,53.44,54.16,4413000,53.35
2014-06-16,54.18,54.31,53.45,54.00,4410400,53.20
2014-06-17,54.49,54.54,53.85,54.30,3385000,53.49
2014-06-18,54.27,54.61,54.00,54.57,3337300,53.76
2014-06-19,54.14,54.81,53.92,54.19,3952800,53.38
2014-06-20,55.62,55.62,53.16,53.30,13457700,52.51
2014-06-23,53.76,54.40,53.54,53.75,6235600,52.95
2014-06-24,53.74,53.95,53.43,53.59,5483500,52.79
2014-06-25,53.52,55.79,53.40,55.00,11085100,54.18
2014-06-26,55.07,56.54,54.97,56.51,10716400,55.67
2014-06-27,56.58,56.90,56.28,56.79,7490800,55.95
2014-06-30,56.51,56.89,56.10,56.44,6477200,55.60
2014-07-01,56.42,57.20,56.17,56.89,6869800,56.04
2014-07-02,57.46,58.11,56.92,58.11,6198500,57.25
2014-07-03,57.90,58.27,57.65,58.22,3828900,57.35
2014-07-07,57.91,58.15,57.39,57.40,4736300,56.55
2014-07-08,56.68,56.97,55.48,55.69,9297300,54.86
2014-07-09,55.56,55.64,54.82,55.01,11516300,54.19
2014-07-10,54.50,55.88,54.28,55.79,7553100,54.96
2014-07-11,55.34,56.60,54.48,54.96,13586800,54.55
2014-07-14,53.89,55.05,53.72,54.85,30823300,54.44
2014-07-15,54.52,54.69,53.39,53.44,16796400,53.04
2014-07-16,53.25,53.67,51.82,53.65,23315900,53.25
2014-07-17,53.21,55.00,52.88,53.52,18699000,53.12
2014-07-18,53.00,55.12,53.00,54.91,42456000,54.50
2014-07-21,54.14,54.45,53.91,54.00,22334900,53.60
2014-07-22,53.82,54.38,53.75,54.05,14724300,53.65
2014-07-23,54.48,54.81,54.07,54.48,15011300,54.08
2014-07-24,54.22,54.56,53.97,54.08,11712800,53.68
2014-07-25,54.40,54.49,53.03,53.18,11680900,52.79
2014-07-28,53.42,54.00,53.17,53.74,10466000,53.34
2014-07-29,53.55,53.66,53.24,53.43,16171500,53.03
2014-07-30,53.28,53.89,53.03,53.75,12680100,53.35
2014-07-31,53.13,53.40,52.30,52.34,15479900,51.95
2014-08-01,52.03,52.64,51.75,52.48,11593200,52.09
2014-08-04,52.58,53.40,52.37,53.29,10456300,52.90
2014-08-05,52.77,53.19,52.45,52.79,12783800,52.40
2014-08-06,51.48,52.66,51.37,52.05,18126200,51.66
2014-08-07,51.59,52.71,51.42,52.43,17171700,52.04
2014-08-08,52.72,52.89,52.29,52.82,13117700,52.43
2014-08-11,53.00,53.65,52.77,53.31,10074600,52.92
2014-08-12,53.22,53.30,52.57,52.84,8524600,52.45
2014-08-13,52.97,53.64,52.75,53.60,9029400,53.20
2014-08-14,53.62,54.23,53.53,54.19,7959800,53.79
2014-08-15,54.34,54.59,53.58,53.90,10109300,53.50
2014-08-18,54.39,54.52,53.84,54.31,7370500,53.91
2014-08-19,54.48,55.31,54.18,55.29,9159300,54.88
2014-08-20,54.82,55.18,54.69,55.06,7612200,54.65
2014-08-21,54.79,55.12,54.68,54.96,8063200,54.55
2014-08-22,54.87,55.27,54.36,55.20,9314600,54.79
2014-08-25,55.38,55.92,55.18,55.87,7553500,55.46
2014-08-26,55.68,55.94,55.64,55.75,9309800,55.34
2014-08-27,55.85,55.85,55.40,55.70,11022600,55.29
2014-08-28,55.52,55.68,55.25,55.60,7277900,55.19
2014-08-29,55.75,55.80,55.24,55.28,7524400,54.87
2014-09-02,55.43,55.53,54.96,55.07,7354900,54.66
2014-09-03,55.16,55.53,54.83,55.51,7562100,55.10
2014-09-04,55.36,55.60,55.09,55.54,10019400,55.13
2014-09-05,55.49,55.94,54.87,55.94,9914300,55.53
2014-09-08,55.78,55.95,55.37,55.57,6568800,55.16
2014-09-09,55.53,57.18,55.43,56.95,17558900,56.53
2014-09-10,56.90,57.32,56.51,57.19,8740300,56.77
2014-09-11,57.00,57.88,56.85,57.85,9943900,57.42
2014-09-12,57.85,58.77,57.74,57.88,15556200,57.45
