Date,Open,High,Low,Close,Volume,Adj Close
2010-11-18,35.00,35.99,33.89,34.19,457044300,33.32
2010-11-19,34.15,34.50,33.11,34.26,107842000,33.39
2010-11-22,34.20,34.48,33.81,34.08,36650600,33.21
2010-11-23,33.95,33.99,33.19,33.25,31170200,32.40
2010-11-24,33.73,33.80,33.22,33.48,26138000,32.63
2010-11-26,33.41,33.81,33.21,33.80,12301200,32.94
2010-11-29,33.80,33.81,33.07,33.80,27776900,32.94
2010-11-30,33.53,34.25,33.36,34.20,57476900,33.33
2010-12-01,34.65,34.95,34.42,34.78,34633200,33.89
2010-12-02,34.92,34.98,34.51,34.68,23196100,33.79
2010-12-03,34.55,34.60,33.97,34.55,19395200,33.67
2010-12-06,34.48,34.78,34.41,34.48,11676500,33.60
2010-12-07,34.75,34.89,34.46,34.68,20823000,33.79
2010-12-08,34.61,34.73,34.33,34.45,12603900,33.57
2010-12-09,34.36,34.43,33.62,33.74,18402200,32.88
2010-12-10,33.85,33.99,33.53,33.81,11741700,32.95
2010-12-13,33.96,34.05,33.70,33.80,11029300,32.94
2010-12-14,33.73,33.92,33.45,33.89,15165600,33.02
2010-12-15,33.81,34.01,33.61,33.61,10182700,32.75
2010-12-16,33.57,33.86,33.56,33.61,9885700,32.75
2010-12-17,33.53,34.00,33.19,34.00,35681600,33.13
2010-12-20,33.91,34.05,33.74,33.76,12476400,32.90
2010-12-21,33.86,33.94,33.72,33.85,9012400,32.99
2010-12-22,33.72,34.95,33.53,34.92,20935100,34.03
2010-12-23,34.67,35.52,34.62,34.81,20529200,33.92
2010-12-27,34.41,34.89,34.19,34.60,7368300,33.72
2010-12-28,35.38,35.67,35.07,35.32,23489000,34.42
2010-12-29,35.47,36.30,35.25,36.02,20960800,35.10
2010-12-30,36.10,36.98,36.02,36.82,16980800,35.88
2010-12-31,36.84,36.96,36.57,36.86,6163900,35.92
2011-01-03,37.32,38.00,37.03,37.06,24874900,36.11
2011-01-04,37.10,37.99,36.68,37.90,32363400,36.93
2011-01-05,37.47,38.30,37.47,38.07,22503900,37.10
2011-01-06,38.24,39.48,38.07,38.90,38556900,37.91
2011-01-07,38.84,39.33,38.51,38.98,19901100,37.98
2011-01-10,39.34,39.36,38.44,38.56,18341600,37.58
2011-01-11,38.66,39.43,38.51,38.75,14856500,37.76
2011-01-12,38.95,39.37,38.37,38.62,16773900,37.63
2011-01-13,38.66,38.71,38.11,38.27,11358300,37.29
2011-01-14,38.18,38.47,38.04,38.20,5894200,37.22
2011-01-18,38.05,38.33,37.32,38.03,8918200,37.06
2011-01-19,37.78,37.93,37.26,37.40,12667700,36.45
2011-01-20,37.11,37.29,36.27,37.18,15844900,36.23
2011-01-21,37.33,37.85,36.82,37.24,9548500,36.29
2011-01-24,37.71,37.86,37.03,37.64,12202800,36.68
2011-01-25,37.85,38.49,37.71,38.40,12318700,37.42
2011-01-26,38.75,38.91,37.86,37.89,11534600,36.92
2011-01-27,38.20,38.95,38.03,38.67,13950000,37.68
2011-01-28,38.00,38.02,36.01,36.60,37134600,35.67
2011-01-31,36.89,37.05,35.89,36.49,13954800,35.56
2011-02-01,36.93,37.23,36.13,36.45,28091600,35.52
2011-02-02,36.46,36.56,35.58,35.68,17434700,34.77
2011-02-03,35.97,36.06,35.13,36.06,19350000,35.14
2011-02-04,36.25,36.73,35.89,36.59,11115000,35.66
2011-02-07,36.95,37.09,36.61,36.70,7328800,35.76
2011-02-08,36.97,37.05,36.40,36.89,6243000,35.95
2011-02-09,36.82,36.91,36.28,36.41,6399300,35.48
2011-02-10,36.17,36.64,35.52,35.88,11542400,34.96
2011-02-11,35.76,36.57,35.55,36.45,13508300,35.52
2011-02-14,36.55,36.56,35.47,36.29,7121200,35.36
2011-02-15,36.19,36.41,35.80,36.11,10336500,35.19
2011-02-16,36.11,36.84,36.02,36.75,8680900,35.81
2011-02-17,36.55,36.70,36.30,36.37,7463000,35.44
2011-02-18,36.42,36.76,36.38,36.51,6815800,35.58
2011-02-22,35.86,36.15,35.45,35.77,13937400,34.86
2011-02-23,35.85,35.94,33.80,34.59,28192500,33.71
2011-02-24,34.90,35.00,32.05,33.02,63562800,32.18
2011-02-25,33.67,34.20,33.05,33.25,29017800,32.40
2011-02-28,33.49,33.74,32.86,33.53,15886400,32.67
2011-03-01,33.69,33.75,32.43,32.95,27321600,32.11
2011-03-02,32.90,33.17,32.59,32.88,14306700,32.04
2011-03-03,33.03,33.17,32.65,33.03,17614800,32.19
2011-03-04,33.07,33.08,32.01,32.39,24240900,31.56
2011-03-07,32.35,32.50,31.52,31.70,15077100,30.89
2011-03-08,31.74,32.82,31.69,32.72,14509400,31.88
2011-03-09,32.74,32.76,32.10,32.25,11225600,31.43
2011-03-10,31.47,31.78,30.95,31.42,38333600,30.62
2011-03-11,31.25,32.06,31.24,31.93,14024000,31.11
2011-03-14,32.14,32.30,31.43,31.59,9976500,30.78
2011-03-15,30.98,32.49,30.65,32.35,21471300,31.52
2011-03-16,32.42,32.53,31.40,31.78,14148900,30.97
2011-03-17,32.18,32.39,31.33,31.44,11025600,30.64
2011-03-18,31.74,31.95,31.42,31.85,9861200,31.04
2011-03-21,32.24,32.30,31.23,31.28,13196500,30.48
2011-03-22,31.28,31.35,30.51,30.74,16982100,29.96
2011-03-23,30.60,31.28,30.20,31.16,23016000,30.36
2011-03-24,31.32,31.60,31.24,31.39,15743100,30.59
2011-03-25,31.49,31.70,31.09,31.47,15242300,30.67
2011-03-28,31.58,31.58,30.85,30.85,10302600,30.06
2011-03-29,30.93,31.17,30.68,31.10,9756700,30.31
2011-03-30,31.16,31.64,31.04,31.55,7657000,30.74
2011-03-31,31.40,31.55,31.00,31.03,8976600,30.24
2011-04-01,31.39,32.63,30.84,32.41,29883100,31.58
2011-04-04,32.50,32.72,32.20,32.39,12331400,31.56
2011-04-05,32.32,32.87,32.10,32.87,10106900,32.03
2011-04-06,33.00,33.28,32.52,32.87,8160100,32.03
2011-04-07,32.84,32.84,32.07,32.31,11242400,31.49
2011-04-08,32.40,32.75,31.33,31.52,16057700,30.72
2011-04-11,31.34,31.45,30.55,30.77,15179100,29.98
2011-04-12,30.40,31.34,30.10,31.15,19648600,30.35
2011-04-13,31.23,31.32,30.59,30.86,13781100,30.07
2011-04-14,30.65,30.86,30.35,30.58,9044800,29.80
2011-04-15,30.59,30.72,30.18,30.24,9882800,29.47
2011-04-18,30.06,30.34,29.90,29.97,12745600,29.20
2011-04-19,29.81,29.91,29.17,29.59,19914800,28.83
2011-04-20,29.76,30.38,29.42,29.93,22038100,29.17
2011-04-21,30.05,31.00,30.01,30.95,18920800,30.16
2011-04-25,31.00,31.19,30.32,31.14,15442500,30.35
2011-04-26,31.39,31.51,30.96,31.27,15700000,30.47
2011-04-27,31.47,31.79,31.28,31.78,14945600,30.97
2011-04-28,31.76,32.10,31.48,31.91,15810100,31.10
2011-04-29,31.99,32.58,31.91,32.09,13774600,31.27
2011-05-02,32.41,32.50,31.92,32.18,11014500,31.36
2011-05-03,32.38,33.20,32.36,32.99,29894800,32.15
2011-05-04,33.16,33.47,32.71,33.04,20492000,32.20
2011-05-05,32.06,32.68,31.49,32.02,26623400,31.20
2011-05-06,32.50,32.60,31.84,31.91,12801800,31.10
2011-05-09,31.74,32.06,31.36,31.39,10716400,30.59
2011-05-10,31.47,31.64,31.33,31.61,7841900,30.80
2011-05-11,31.57,31.86,31.11,31.30,9073300,30.50
2011-05-12,31.07,31.60,30.93,31.42,14128200,30.62
2011-05-13,31.46,31.54,30.85,31.07,10837200,30.28
2011-05-16,31.25,31.50,31.08,31.10,7291700,30.31
2011-05-17,31.06,31.38,30.83,31.10,11191200,30.31
2011-05-18,31.07,31.62,31.00,31.52,9949400,30.72
2011-05-19,31.53,31.79,31.31,31.47,9575300,30.67
2011-05-20,31.36,31.50,31.10,31.18,7224100,30.38
2011-05-23,30.68,31.16,30.50,30.96,8971700,30.17
2011-05-24,31.13,31.20,30.50,30.83,8779100,30.04
2011-05-25,30.56,31.38,30.50,31.27,14390800,30.47
2011-05-26,31.08,31.10,30.52,30.68,12244400,29.90
2011-05-27,30.77,31.48,30.59,31.28,9114200,30.48
2011-05-31,31.44,31.87,31.13,31.81,22938900,31.00
2011-06-01,31.70,31.70,30.15,30.23,19134400,29.46
2011-06-02,30.33,30.56,29.40,29.60,22440900,28.84
2011-06-03,29.28,29.56,28.90,29.12,21968400,28.38
2011-06-06,29.02,29.41,28.55,28.56,13416100,27.83
2011-06-07,28.89,29.04,28.39,28.78,15237900,28.05
2011-06-08,28.52,29.34,28.40,28.86,16534000,28.12
2011-06-09,29.20,29.58,28.91,29.45,13593600,28.70
2011-06-10,29.30,29.30,28.65,28.85,11734000,28.11
2011-06-13,28.90,29.08,28.29,28.59,9791900,27.86
2011-06-14,28.92,29.49,28.86,29.11,10948400,28.37
2011-06-15,28.77,29.11,28.64,28.95,11669900,28.21
2011-06-16,28.70,28.99,28.17,28.59,14079400,27.86
2011-06-17,28.73,29.06,28.57,29.00,16732300,28.26
2011-06-20,28.87,29.60,28.77,29.52,9038000,28.77
2011-06-21,29.51,30.00,29.43,29.59,12648300,28.83
2011-06-22,29.62,30.18,29.50,29.97,15520300,29.20
2011-06-23,29.53,30.20,29.32,30.14,13780400,29.37
2011-06-24,30.15,30.30,29.66,29.92,50062300,29.16
2011-06-27,29.79,30.46,29.60,30.26,15348000,29.49
2011-06-28,30.21,30.79,30.18,30.50,12698300,29.72
2011-06-29,30.79,30.79,30.25,30.30,12716100,29.53
2011-06-30,30.30,30.56,30.22,30.36,18645700,29.59
2011-07-01,30.35,30.86,29.92,30.58,18098400,29.80
2011-07-05,30.87,31.36,30.58,30.86,8836900,30.07
2011-07-06,31.37,31.68,31.09,31.19,14223700,30.39
2011-07-07,31.79,32.08,31.65,31.80,13339400,30.99
2011-07-08,31.25,31.70,31.16,31.58,9872100,30.77
2011-07-11,30.98,31.20,30.55,30.75,8376600,29.97
2011-07-12,30.24,30.94,30.02,30.68,10536600,29.90
2011-07-13,30.87,31.30,30.61,30.75,8093200,29.97
2011-07-14,30.85,30.97,30.03,30.10,10800200,29.33
2011-07-15,30.39,30.62,29.52,29.76,10400000,29.00
2011-07-18,29.57,29.65,28.62,29.10,13850000,28.36
2011-07-19,29.20,29.49,28.76,29.33,10283400,28.58
2011-07-20,29.45,29.48,29.05,29.24,6997900,28.49
2011-07-21,29.39,30.02,29.16,29.96,12231600,29.20
2011-07-22,29.97,30.29,29.88,30.10,7820100,29.33
2011-07-25,29.53,29.84,29.39,29.50,8690700,28.75
2011-07-26,29.67,29.70,28.96,29.09,9268400,28.35
2011-07-27,28.90,29.00,28.03,28.14,14552900,27.42
2011-07-28,28.22,28.90,28.02,28.10,11029000,27.38
2011-07-29,27.62,28.10,27.31,27.68,12182900,26.97
2011-08-01,28.88,28.88,27.70,28.07,12825600,27.35
2011-08-02,27.75,28.09,27.02,27.05,18222000,26.36
2011-08-03,27.03,27.17,26.13,27.17,15790400,26.48
2011-08-04,27.16,27.20,25.71,25.99,38839500,25.33
2011-08-05,26.07,26.46,24.49,26.31,34926100,25.64
2011-08-08,24.61,25.35,23.79,24.57,32608700,23.94
2011-08-09,25.09,25.56,24.00,25.54,26704600,24.89
2011-08-10,24.66,25.00,23.83,23.92,20642400,23.31
2011-08-11,24.11,26.17,24.11,25.81,25179600,25.15
2011-08-12,26.30,26.50,25.49,25.75,18861500,25.09
2011-08-15,26.03,26.54,25.79,26.42,12994800,25.75
2011-08-16,26.22,26.69,25.69,25.83,10145500,25.17
2011-08-17,26.00,26.09,24.90,24.94,12062000,24.30
2011-08-18,23.99,24.08,23.27,23.60,15853700,23.00
2011-08-19,23.25,23.44,21.71,22.16,34432900,21.59
2011-08-22,22.54,22.72,21.18,21.71,27158700,21.16
2011-08-23,21.78,22.06,21.21,22.06,20007100,21.50
2011-08-24,21.89,22.39,21.57,22.37,14527400,21.80
2011-08-25,22.49,22.74,22.10,22.30,11099900,21.73
2011-08-26,22.20,23.08,21.80,22.87,10278000,22.29
2011-08-29,23.30,23.96,23.27,23.79,10642100,23.18
2011-08-30,23.46,23.74,23.05,23.58,8142900,22.98
2011-08-31,23.87,24.49,23.83,24.03,12329600,23.42
2011-09-01,24.09,24.25,22.91,23.03,16926200,22.44
2011-09-02,22.41,22.55,21.73,22.07,14086700,21.51
2011-09-06,21.36,21.58,20.88,21.44,14282500,20.89
2011-09-07,21.82,23.04,21.82,22.86,13412200,22.28
2011-09-08,22.79,23.13,22.24,22.48,11782500,21.91
2011-09-09,22.36,22.45,21.47,21.76,11920600,21.20
2011-09-12,21.15,21.95,21.00,21.87,9325700,21.31
2011-09-13,21.87,22.33,21.50,22.00,11189600,21.44
2011-09-14,22.22,22.49,21.62,22.18,11623100,21.61
2011-09-15,22.59,22.79,22.15,22.70,8039200,22.12
2011-09-16,22.68,22.77,22.34,22.61,7932400,22.03
2011-09-19,22.15,23.17,22.05,23.05,14082400,22.46
2011-09-20,23.05,23.10,22.42,22.43,9507100,21.86
2011-09-21,22.39,22.70,21.22,21.28,9850700,20.74
2011-09-22,20.59,20.99,20.04,20.24,17284200,19.72
2011-09-23,19.77,21.28,19.77,21.00,13722000,20.46
2011-09-26,21.32,21.44,20.53,21.08,8503500,20.54
2011-09-27,21.60,21.83,21.08,21.19,11170900,20.65
2011-09-28,21.20,21.44,20.37,20.41,10120900,19.89
2011-09-29,20.72,20.97,20.12,20.76,10781000,20.23
2011-09-30,20.44,20.50,20.10,20.18,10151100,19.66
2011-10-03,20.13,20.90,19.65,19.73,13950700,19.23
2011-10-04,19.45,21.46,19.05,21.42,23800000,20.87
2011-10-05,21.33,22.29,20.76,22.27,17155800,21.70
2011-10-06,22.30,22.60,21.75,22.35,13553000,21.78
2011-10-07,22.58,22.93,21.82,22.01,14476800,21.45
2011-10-10,22.51,22.97,22.36,22.62,11291700,22.04
2011-10-11,22.43,22.69,22.28,22.50,10258300,21.93
2011-10-12,22.94,23.97,22.86,23.41,17303900,22.81
2011-10-13,23.38,23.38,22.50,23.15,9858600,22.56
2011-10-14,23.68,24.16,23.36,24.16,14753200,23.54
2011-10-17,24.17,24.19,23.15,23.18,8633400,22.59
2011-10-18,23.19,23.87,22.77,23.54,14135700,22.94
2011-10-19,23.52,23.55,22.96,23.09,7600700,22.50
2011-10-20,23.02,23.18,22.51,22.96,9488400,22.37
2011-10-21,23.40,24.38,23.20,24.35,12352500,23.73
2011-10-24,24.28,25.24,24.25,24.98,13534100,24.34
2011-10-25,24.86,25.19,24.16,24.86,11384500,24.23
2011-10-26,25.02,25.28,24.69,24.99,17497500,24.35
2011-10-27,25.87,26.47,25.20,26.32,18428600,25.65
2011-10-28,26.22,26.55,26.00,26.45,10718700,25.77
2011-10-31,25.92,26.16,25.61,25.85,8853600,25.19
2011-11-01,24.82,24.90,23.25,23.33,25365200,22.73
2011-11-02,23.70,23.73,22.92,23.20,14355800,22.61
2011-11-03,23.82,24.12,22.76,24.03,19953000,23.42
2011-11-04,23.89,23.92,23.31,23.61,9452000,23.01
2011-11-07,23.93,24.15,23.52,24.01,9802800,23.40
2011-11-08,24.20,25.17,23.98,25.04,19891800,24.40
2011-11-09,23.07,23.57,22.15,22.31,32911600,21.74
2011-11-10,22.44,22.85,21.93,22.70,15866600,22.12
2011-11-11,22.95,23.10,22.22,22.51,15438300,21.94
2011-11-14,22.56,23.29,22.51,22.99,13433300,22.40
2011-11-15,22.81,23.53,22.60,23.35,13867200,22.75
2011-11-16,23.24,23.35,22.62,22.65,9297200,22.07
2011-11-17,22.72,22.75,21.56,21.79,12692700,21.23
2011-11-18,22.01,22.18,21.62,21.68,6592500,21.13
2011-11-21,21.10,21.18,20.54,21.05,11757900,20.51
2011-11-22,20.92,21.12,20.70,20.73,7288600,20.20
2011-11-23,20.48,20.69,20.06,20.24,9594500,19.72
2011-11-25,20.22,20.71,20.21,20.34,2757600,19.82
2011-11-28,20.95,21.43,20.65,20.74,8959100,20.21
2011-11-29,20.73,20.85,20.30,20.31,7665000,19.79
2011-11-30,21.02,21.31,20.94,21.29,11147700,20.75
2011-12-01,21.24,21.77,20.93,20.96,12128500,20.42
2011-12-02,21.35,21.73,21.13,21.28,9781200,20.74
2011-12-05,21.52,21.99,21.43,21.59,9808700,21.04
2011-12-06,21.60,21.88,21.28,21.68,10668900,21.13
2011-12-07,21.62,22.11,21.48,21.94,9194700,21.38
2011-12-08,21.76,21.76,20.85,20.98,11508500,20.44
2011-12-09,21.09,21.40,21.06,21.15,6491100,20.61
2011-12-12,20.66,20.90,20.56,20.80,6281600,20.27
2011-12-13,20.96,21.00,19.95,20.11,12647100,19.60
2011-12-14,19.95,20.01,19.42,19.47,15053700,18.97
2011-12-15,19.76,20.22,19.51,20.10,10152400,19.59
2011-12-16,20.16,20.52,19.97,20.15,9109900,19.64
2011-12-19,20.12,20.23,19.00,19.05,15608900,18.56
2011-12-20,19.42,19.90,19.35,19.69,13952500,19.19
2011-12-21,19.74,20.44,19.58,20.32,13054600,19.80
2011-12-22,20.25,20.85,20.17,20.70,7287200,20.17
2011-12-23,20.81,20.89,20.45,20.50,6480600,19.98
2011-12-27,20.43,20.43,20.08,20.09,5866200,19.58
2011-12-28,20.08,20.13,19.76,19.86,7116200,19.35
2011-12-29,19.85,20.25,19.71,20.21,6891400,19.69
2011-12-30,20.12,20.37,20.05,20.27,6971400,19.75
2012-01-03,20.83,21.18,20.75,21.05,9321300,20.51
2012-01-04,21.05,21.37,20.75,21.15,7856700,20.61
2012-01-05,21.10,22.29,20.96,22.17,17880600,21.60
2012-01-06,22.26,23.03,22.24,22.92,18234500,22.33
2012-01-09,23.20,23.43,22.70,22.84,12084500,22.26
2012-01-10,23.22,23.40,22.78,23.24,13538300,22.65
2012-01-11,23.37,24.64,23.34,24.47,21947000,23.85
2012-01-12,24.35,24.82,23.76,24.67,16750800,24.04
2012-01-13,24.27,24.65,23.91,24.29,12963100,23.67
2012-01-17,24.60,24.68,24.17,24.20,9385800,23.58
2012-01-18,24.27,24.58,24.02,24.51,8919200,23.88
2012-01-19,24.69,24.98,24.45,24.82,15222800,24.19
2012-01-20,24.93,25.11,24.84,25.00,9896400,24.36
2012-01-23,25.14,25.25,24.79,24.92,8923500,24.28
2012-01-24,24.84,24.93,24.50,24.79,8350000,24.16
2012-01-25,24.89,25.01,24.38,24.92,13441000,24.28
2012-01-26,25.10,25.50,24.60,24.72,11585300,24.09
2012-01-27,23.80,24.54,23.33,24.37,14784100,23.75
2012-01-30,24.06,24.57,23.95,24.23,6319800,23.61
2012-01-31,24.53,24.59,23.95,24.02,9190800,23.41
2012-02-01,24.33,24.58,24.07,24.37,13337500,23.75
2012-02-02,24.65,24.69,24.30,24.31,6670900,23.69
2012-02-03,25.00,26.44,24.79,26.18,25528100,25.51
2012-02-06,26.47,26.83,25.95,26.70,17264100,26.02
2012-02-07,26.62,26.62,26.15,26.22,10764100,25.55
2012-02-08,26.31,26.42,25.58,25.75,17524300,25.09
2012-02-09,25.96,26.22,25.50,25.74,7440000,25.08
2012-02-10,25.48,25.52,25.25,25.50,9819000,24.85
2012-02-13,26.00,26.00,25.21,25.34,10503600,24.69
2012-02-14,25.21,25.45,25.00,25.40,9885800,24.75
2012-02-15,25.73,25.75,24.90,24.93,13329000,24.29
2012-02-16,25.29,27.26,25.27,27.17,35313600,26.48
2012-02-17,27.17,27.68,27.01,27.34,17603600,26.64
2012-02-21,27.30,27.55,26.99,27.06,8593200,26.37
2012-02-22,27.08,27.13,26.53,26.55,10693300,25.87
2012-02-23,26.69,27.27,26.26,26.79,10300900,26.11
2012-02-24,26.90,26.95,26.06,26.07,9404600,25.40
2012-02-27,26.07,26.55,25.57,26.46,8600900,25.78
2012-02-28,26.49,26.53,26.10,26.14,7547000,25.47
2012-02-29,26.07,26.55,25.92,26.02,12018900,25.36
2012-03-01,26.19,26.80,26.15,26.47,8893300,25.79
2012-03-02,26.55,26.75,26.36,26.45,8465700,25.77
2012-03-05,26.27,26.40,25.80,26.00,7650500,25.34
2012-03-06,25.31,25.34,24.38,24.58,19071300,23.95
2012-03-07,24.75,25.21,24.75,24.88,6888800,24.24
2012-03-08,25.37,25.59,25.10,25.45,8646700,24.80
2012-03-09,25.70,25.82,25.39,25.62,6323600,24.97
2012-03-12,25.62,25.71,25.15,25.39,4006300,24.74
2012-03-13,25.48,26.10,25.33,26.07,8361200,25.40
2012-03-14,26.13,26.59,26.00,26.32,9082600,25.65
2012-03-15,26.37,26.58,25.88,26.05,10133700,25.39
2012-03-16,26.07,26.07,25.26,25.57,11752400,24.92
2012-03-19,25.50,25.70,25.24,25.39,5462700,24.74
2012-03-20,25.10,25.42,24.60,25.09,10819300,24.45
2012-03-21,25.17,25.49,25.10,25.29,6122800,24.64
2012-03-22,25.01,25.26,24.87,25.05,5605800,24.41
2012-03-23,25.04,25.32,24.77,25.17,5802800,24.53
2012-03-26,25.23,25.63,25.14,25.58,7957700,24.93
2012-03-27,25.42,25.85,25.34,25.35,6632500,24.70
2012-03-28,25.41,25.48,25.02,25.15,5162000,24.51
2012-03-29,25.02,25.37,24.94,25.31,6433300,24.66
2012-03-30,25.49,25.78,25.11,25.65,6035000,25.00
2012-04-02,26.03,26.91,25.98,26.76,14465300,26.08
2012-04-03,26.64,27.03,25.27,25.54,26410400,24.89
2012-04-04,25.10,25.40,24.90,25.10,9785500,24.46
2012-04-05,24.99,25.18,24.61,24.81,8211300,24.18
2012-04-09,24.22,24.40,24.03,24.20,7242200,23.58
2012-04-10,24.11,24.14,23.29,23.71,11856100,23.10
2012-04-11,23.84,24.28,23.82,24.03,9260900,23.42
2012-04-12,24.05,24.49,24.00,24.30,5041800,23.68
2012-04-13,24.22,24.29,23.62,23.80,7310900,23.19
2012-04-16,23.78,23.93,23.36,23.42,7528500,22.82
2012-04-17,23.59,24.54,23.55,24.04,10256900,23.43
2012-04-18,23.87,24.29,23.75,24.15,6253300,23.53
2012-04-19,24.09,24.87,23.87,24.01,11206800,23.40
2012-04-20,24.06,24.06,23.52,23.60,12948000,23.00
2012-04-23,23.17,23.30,22.90,22.95,16187700,22.36
2012-04-24,23.02,23.40,22.88,22.89,8679500,22.31
2012-04-25,23.15,23.36,22.89,23.31,5548200,22.71
2012-04-26,23.16,23.75,23.16,23.72,8132600,23.11
2012-04-27,23.81,24.09,23.34,23.53,10495300,22.93
2012-04-30,23.38,23.49,22.80,23.00,8279100,22.41
2012-05-01,23.04,23.48,22.60,23.31,10151600,22.71
2012-05-02,23.19,23.25,22.63,22.93,14476300,22.34
2012-05-03,23.13,23.19,22.19,22.37,22816800,21.80
2012-05-04,22.20,22.41,21.82,22.36,14830800,21.79
2012-05-07,21.87,22.50,21.85,22.41,7853500,21.84
2012-05-08,22.25,22.35,21.87,22.23,9317900,21.66
2012-05-09,21.88,22.80,21.85,22.44,9812900,21.87
2012-05-10,22.69,22.89,22.34,22.37,7235100,21.80
2012-05-11,22.00,22.54,21.98,22.00,8045700,21.44
2012-05-14,21.75,21.97,21.60,21.63,9665400,21.08
2012-05-15,21.57,21.83,21.34,21.42,7410500,20.87
2012-05-16,22.05,22.62,21.85,21.91,13640200,21.35
2012-05-17,21.94,22.27,21.55,21.61,12132600,21.06
2012-05-18,21.54,21.69,21.09,21.18,7532600,20.64
2012-05-21,21.34,21.68,21.26,21.54,6295900,20.99
2012-05-22,21.71,21.90,21.34,21.50,7021500,20.95
2012-05-23,21.33,22.20,21.32,22.13,8340500,21.57
2012-05-24,21.98,22.13,21.82,22.04,5093400,21.48
2012-05-25,22.04,22.46,22.00,22.44,5662000,21.87
2012-05-29,22.62,22.93,22.59,22.85,9790400,22.27
2012-05-30,22.50,22.50,21.98,22.37,7369500,21.80
2012-05-31,22.26,22.41,22.00,22.20,6009300,21.63
2012-06-01,21.65,23.34,21.45,22.01,29615400,21.45
2012-06-04,22.01,22.04,20.66,21.11,15419800,20.57
2012-06-05,20.98,21.47,20.97,21.25,5645900,20.71
2012-06-06,21.43,21.94,21.34,21.83,6122700,21.27
2012-06-07,22.11,22.38,21.76,21.85,5951200,21.29
2012-06-08,21.85,22.09,21.50,22.05,4258600,21.49
2012-06-11,22.28,22.30,21.90,21.92,6050800,21.36
2012-06-12,21.92,22.20,21.68,22.17,6100200,21.60
2012-06-13,22.04,22.17,21.74,21.87,8588100,21.31
2012-06-14,21.84,21.99,21.58,21.80,4534300,21.24
2012-06-15,21.76,21.81,21.42,21.74,5714300,21.19
2012-06-18,21.54,21.72,21.38,21.43,6394000,20.88
2012-06-19,21.43,22.00,21.40,21.74,7768600,21.19
2012-06-20,21.78,21.82,21.28,21.48,8588900,20.93
2012-06-21,21.45,21.50,20.60,20.64,9193500,20.11
2012-06-22,20.95,20.95,20.46,20.60,6972200,20.07
2012-06-25,20.32,20.39,19.91,19.91,9975700,19.40
2012-06-26,19.94,20.04,19.62,19.85,8923000,19.34
2012-06-27,19.83,19.98,19.62,19.66,8314800,19.16
2012-06-28,19.64,19.92,19.49,19.82,11220900,19.31
2012-06-29,20.00,20.00,19.24,19.72,13447400,19.22
2012-07-02,19.70,19.74,19.30,19.57,6307700,19.07
2012-07-03,19.80,21.12,19.67,20.67,10718700,20.14
2012-07-05,20.75,21.21,20.54,20.54,8075600,20.02
2012-07-06,20.35,20.60,20.05,20.31,6512900,19.79
2012-07-09,20.21,20.40,20.05,20.22,5520400,19.70
2012-07-10,20.25,20.48,19.73,19.80,9803300,19.29
2012-07-11,19.75,20.01,19.60,19.90,6668400,19.39
2012-07-12,19.61,19.77,19.23,19.33,14117000,18.84
2012-07-13,19.33,19.71,19.27,19.62,7474700,19.12
2012-07-16,19.47,19.55,19.23,19.38,9066500,18.89
2012-07-17,19.55,19.60,19.30,19.60,7951200,19.10
2012-07-18,19.62,20.21,19.57,20.07,8770400,19.56
2012-07-19,20.12,20.35,20.07,20.14,6855400,19.63
2012-07-20,20.02,20.16,19.33,19.36,8798000,18.87
2012-07-23,19.09,19.36,18.85,19.30,8764600,18.81
2012-07-24,19.25,19.38,18.85,19.02,8202100,18.53
2012-07-25,19.10,19.13,18.72,18.80,6777100,18.32
2012-07-26,19.02,19.15,18.75,19.11,5571600,18.62
2012-07-27,19.14,19.69,19.07,19.67,6803900,19.17
2012-07-30,19.55,19.65,19.30,19.36,4219200,18.87
2012-07-31,19.46,19.77,19.37,19.71,5607600,19.21
2012-08-01,19.78,20.58,19.43,19.66,14831900,19.16
2012-08-02,19.59,20.06,18.93,19.14,10881000,18.65
2012-08-03,19.26,20.10,19.25,20.04,9394800,19.53
2012-08-06,20.05,20.10,19.76,19.85,6205800,19.34
2012-08-07,19.92,20.52,19.92,20.42,9577200,19.90
2012-08-08,20.14,20.45,20.05,20.38,4702600,19.86
2012-08-09,20.37,20.82,20.21,20.65,6651400,20.12
2012-08-10,20.52,20.70,20.31,20.54,3899800,20.02
2012-08-13,20.52,20.80,20.36,20.47,4027000,19.95
2012-08-14,20.63,20.79,20.10,20.21,7681000,19.69
2012-08-15,20.21,20.36,19.98,20.14,6498600,19.63
2012-08-16,20.12,21.46,20.12,21.33,14407500,20.79
2012-08-17,21.35,22.14,21.34,22.01,17952300,21.45
2012-08-20,21.75,22.02,21.66,21.87,6615800,21.31
2012-08-21,21.95,22.07,21.52,21.63,6545200,21.08
2012-08-22,21.58,21.75,21.14,21.73,7180500,21.18
2012-08-23,21.61,21.61,21.23,21.34,8960500,20.80
2012-08-24,21.21,21.36,21.07,21.18,5443300,20.64
2012-08-27,21.20,21.37,21.00,21.22,6216400,20.68
2012-08-28,21.00,21.25,20.91,20.94,5784600,20.41
2012-08-29,20.90,21.64,20.86,21.30,9625000,20.76
2012-08-30,21.25,21.26,21.02,21.11,3882800,20.57
2012-08-31,21.30,21.48,21.11,21.35,5826200,20.81
2012-09-04,21.25,21.50,21.02,21.31,7505300,20.77
2012-09-05,21.22,21.76,21.02,21.76,7933000,21.20
2012-09-06,21.79,22.73,21.75,22.45,12484800,21.88
2012-09-07,22.55,23.42,22.54,23.37,12908400,22.77
2012-09-10,23.28,23.42,22.94,22.98,8156800,22.39
2012-09-11,22.98,23.25,22.88,22.97,5442600,22.38
2012-09-12,23.14,23.33,23.05,23.13,5201000,22.54
2012-09-13,23.05,23.68,22.82,23.53,9479800,22.93
2012-09-14,23.69,24.33,23.63,24.14,11881300,23.52
2012-09-17,23.92,23.95,23.73,23.80,6098600,23.19
2012-09-18,24.29,24.45,24.02,24.43,11308000,23.81
2012-09-19,24.36,25.15,24.32,24.75,16033600,24.12
2012-09-20,24.34,24.54,23.91,24.42,7414900,23.80
2012-09-21,24.54,24.89,24.50,24.80,12189300,24.17
2012-09-24,24.51,24.68,24.12,24.36,5689300,23.74
2012-09-25,24.43,24.50,23.28,23.52,10326800,22.92
2012-09-26,23.25,23.73,22.85,23.39,8329400,22.79
2012-09-27,23.67,23.70,23.14,23.18,6843400,22.59
2012-09-28,23.00,23.10,22.71,22.75,8614500,22.17
2012-10-01,23.00,23.41,22.85,23.09,7582100,22.50
2012-10-02,23.50,24.10,22.67,23.68,21403400,23.08
2012-10-03,23.71,24.61,23.66,24.39,14739000,23.77
2012-10-04,24.55,24.67,24.32,24.65,8693500,24.02
2012-10-05,24.88,25.43,24.57,24.80,14251000,24.17
2012-10-08,24.79,24.81,24.51,24.57,6249500,23.94
2012-10-09,24.74,24.86,24.27,24.37,7210000,23.75
2012-10-10,24.41,24.58,24.10,24.23,6049300,23.61
2012-10-11,24.41,24.99,24.23,24.66,8771700,24.03
2012-10-12,24.56,24.83,24.33,24.44,4230300,23.82
2012-10-15,24.51,24.58,24.33,24.48,5114300,23.86
2012-10-16,24.52,24.85,24.41,24.79,4252100,24.16
2012-10-17,24.90,25.13,24.60,25.06,6002700,24.42
2012-10-18,25.09,25.72,24.96,25.56,9762100,24.91
2012-10-19,25.43,25.50,24.55,24.59,10454300,23.96
2012-10-22,24.56,24.85,24.28,24.62,7067800,23.99
2012-10-23,24.07,24.10,23.73,23.87,8196000,23.26
2012-10-24,24.15,24.27,23.66,23.69,6230800,23.09
2012-10-25,23.98,24.27,23.58,23.63,11875900,23.03
2012-10-26,23.61,23.90,23.19,23.28,10146900,22.69
2012-10-31,24.30,25.72,23.90,25.50,24700200,24.85
2012-11-01,25.53,25.85,24.91,25.68,14558100,25.02
2012-11-02,25.81,25.99,25.55,25.79,9918400,25.13
2012-11-05,25.44,25.99,25.35,25.57,7680700,24.92
2012-11-06,25.59,26.27,25.45,26.19,10888500,25.52
2012-11-07,25.64,25.67,24.92,25.03,11106300,24.39
2012-11-08,25.22,25.50,24.70,24.72,5239800,24.09
2012-11-09,24.38,25.28,24.38,25.04,7648400,24.40
2012-11-12,25.05,25.38,25.05,25.26,5297000,24.62
2012-11-13,24.89,25.18,24.75,24.82,9697600,24.19
2012-11-14,24.93,24.99,24.10,24.17,9587600,23.55
2012-11-15,24.18,24.19,23.54,23.88,9371700,23.27
2012-11-16,23.92,23.98,23.39,23.85,9647800,23.24
2012-11-19,24.27,24.94,24.13,24.93,7996800,24.29
2012-11-20,24.90,24.94,24.38,24.60,6578700,23.97
2012-11-21,24.57,24.97,24.43,24.60,4907700,23.97
2012-11-23,24.96,25.42,24.86,25.21,4595900,24.57
2012-11-26,25.17,25.41,24.95,25.23,6460000,24.59
2012-11-27,25.14,25.35,25.00,25.01,5822200,24.37
2012-11-28,24.69,25.30,24.64,25.28,5312900,24.63
2012-11-29,25.61,26.24,25.51,26.09,10012500,25.42
2012-11-30,25.89,26.17,25.58,25.88,6538600,25.22
2012-12-03,26.06,26.36,25.46,25.51,11331100,24.86
2012-12-04,25.34,25.50,24.52,25.41,12633900,24.76
2012-12-05,25.37,25.60,24.94,25.00,7652700,24.36
2012-12-06,24.91,25.00,24.46,24.57,9708900,23.94
2012-12-07,24.76,25.21,24.57,25.19,9060300,24.55
2012-12-10,25.06,25.41,25.04,25.28,5931900,24.63
2012-12-11,25.31,25.50,25.11,25.45,5709300,24.80
2012-12-12,25.54,26.07,25.44,25.63,8395500,24.98
2012-12-13,25.56,25.83,24.90,25.12,7737400,24.48
2012-12-14,25.08,25.11,24.40,24.61,9661400,23.98
2012-12-17,24.67,24.90,24.65,24.85,7130600,24.22
2012-12-18,24.98,25.54,24.80,25.49,9589000,24.84
2012-12-19,27.44,27.91,26.86,27.18,54870500,26.49
2012-12-20,27.00,27.48,26.87,27.34,15768900,26.64
2012-12-21,26.74,27.38,26.54,27.32,8773000,26.62
2012-12-24,27.31,27.74,27.31,27.66,4877400,26.95
2012-12-26,27.63,27.95,27.49,27.62,7006200,26.91
2012-12-27,27.74,27.99,27.43,27.96,9431200,27.25
2012-12-28,27.66,27.94,27.55,27.85,5133500,27.14
2012-12-31,27.76,28.90,27.62,28.83,13243300,28.09
2013-01-02,29.41,29.50,28.63,29.13,15605900,28.39
2013-01-03,29.05,30.23,28.84,29.82,22903800,29.06
2013-01-04,29.74,29.86,29.23,29.86,8066600,29.10
2013-01-07,29.64,29.86,29.30,29.66,8385300,28.90
2013-01-08,29.66,29.85,29.05,29.37,10435200,28.62
2013-01-09,29.58,30.28,29.56,29.97,13341400,29.20
2013-01-10,30.28,30.45,29.78,30.44,12115400,29.66
2013-01-11,30.38,30.60,30.11,30.36,6862900,29.59
2013-01-14,30.15,30.39,29.89,30.33,6634700,29.56
2013-01-15,30.11,30.68,29.95,30.60,7497500,29.82
2013-01-16,29.57,29.73,28.83,29.31,28298900,28.56
2013-01-17,29.48,29.65,29.19,29.49,12064700,28.74
2013-01-18,29.44,29.53,28.88,29.28,9993700,28.53
2013-01-22,29.19,29.27,28.38,28.63,18538600,27.90
2013-01-23,28.58,28.84,26.62,28.57,11355300,27.84
2013-01-24,28.59,28.98,28.35,28.78,8398900,28.05
2013-01-25,28.96,29.16,28.87,29.07,10258400,28.33
2013-01-28,29.05,29.15,28.61,28.83,7038300,28.09
2013-01-29,28.80,28.82,28.16,28.45,13059800,27.72
2013-01-30,28.28,28.65,27.77,27.94,11230700,27.23
2013-01-31,27.80,28.14,27.61,28.09,8685200,27.37
2013-02-01,28.39,28.50,28.08,28.17,10713800,27.45
2013-02-04,27.89,28.20,27.88,27.96,6508900,27.25
2013-02-05,28.03,28.60,28.03,28.59,11097500,27.86
2013-02-06,28.35,28.60,28.22,28.52,7010500,27.79
2013-02-07,28.68,28.91,28.03,28.47,10493500,27.74
2013-02-08,28.54,28.73,28.50,28.57,6316700,27.84
2013-02-11,28.51,28.65,28.35,28.53,5589900,27.80
2013-02-12,28.43,28.75,28.24,28.55,7175600,27.82
2013-02-13,28.75,28.87,28.44,28.67,9283900,27.94
2013-02-14,28.74,29.36,27.67,27.75,19226200,27.04
2013-02-15,27.59,27.92,27.22,27.76,12861100,27.05
2013-02-19,27.69,27.80,27.46,27.68,7086100,26.97
2013-02-20,27.81,27.81,27.05,27.10,7236600,26.41
2013-02-21,27.02,27.04,26.33,26.51,13893200,25.83
2013-02-22,26.40,27.12,26.31,27.11,9279400,26.42
2013-02-25,27.11,27.17,26.33,26.33,11121400,25.66
2013-02-26,26.65,26.85,26.19,26.83,13363500,26.15
2013-02-27,26.80,27.58,26.72,27.40,13115700,26.70
2013-02-28,27.50,27.57,26.89,27.15,10305500,26.46
2013-03-01,26.83,27.49,26.75,27.21,9017700,26.52
2013-03-04,27.14,27.29,26.99,27.09,6583900,26.40
2013-03-05,27.22,27.79,27.19,27.58,9199300,26.88
2013-03-06,27.76,27.96,27.62,27.91,9002500,27.20
2013-03-07,27.86,28.14,27.79,27.88,9428100,27.17
2013-03-08,27.91,28.19,27.89,28.00,5910500,27.29
2013-03-11,27.95,28.39,27.55,28.31,19122000,27.59
2013-03-12,28.26,28.64,28.09,28.37,10686800,27.65
2013-03-13,28.38,28.38,28.05,28.07,10287400,27.35
2013-03-14,28.05,28.23,28.04,28.16,6438500,27.44
2013-03-15,27.96,28.26,27.80,28.21,12101200,27.49
2013-03-18,27.95,28.15,27.73,28.04,13758200,27.32
2013-03-19,28.10,28.20,27.90,28.10,12749500,27.38
2013-03-20,28.25,29.30,28.19,29.20,25484100,28.45
2013-03-21,28.91,29.17,28.57,28.63,13452000,27.90
2013-03-22,28.62,28.71,27.96,28.22,12673300,27.50
2013-03-25,28.39,28.48,28.02,28.16,6669900,27.44
2013-03-26,28.28,28.35,27.99,28.15,6876400,27.43
2013-03-27,28.05,28.27,27.96,28.06,5444400,27.34
2013-03-28,28.02,28.09,27.64,27.82,9331000,27.11
2013-04-01,27.65,28.09,27.65,27.80,8834600,27.09
2013-04-02,27.96,28.30,27.53,27.93,16188100,27.22
2013-04-03,28.00,28.10,27.66,27.80,11199700,27.09
2013-04-04,27.75,28.00,27.51,27.74,8571800,27.03
2013-04-05,27.38,27.56,27.11,27.52,11792800,26.82
2013-04-08,27.50,27.64,27.40,27.59,11572900,26.89
2013-04-09,27.77,27.78,27.50,27.53,9682300,26.83
2013-04-10,27.69,28.51,27.68,28.37,12927800,27.65
2013-04-11,28.49,29.76,28.44,29.72,22305200,28.96
2013-04-12,29.57,29.84,29.55,29.62,15617500,28.86
2013-04-15,29.41,29.69,28.84,28.91,14080800,28.17
2013-04-16,29.17,29.52,29.17,29.47,8007700,28.72
2013-04-17,29.03,29.33,28.77,29.27,10670400,28.52
2013-04-18,29.25,29.38,28.75,28.98,11121400,28.24
2013-04-19,29.10,29.26,28.91,29.15,7183000,28.41
2013-04-22,29.20,29.34,28.85,29.25,6767000,28.50
2013-04-23,29.34,29.92,29.28,29.85,8454200,29.09
2013-04-24,29.91,30.80,29.86,30.45,21511000,29.67
2013-04-25,30.06,30.78,30.00,30.71,14499000,29.93
2013-04-26,30.79,30.80,30.03,30.50,13738300,29.72
2013-04-29,30.62,30.90,30.42,30.79,6197700,30.00
2013-04-30,30.77,30.97,30.57,30.84,8117200,30.05
2013-05-01,30.77,31.08,30.11,30.18,10393700,29.41
2013-05-02,31.31,31.82,31.05,31.16,19124500,30.36
2013-05-03,31.74,32.44,31.63,32.10,12471800,31.28
2013-05-06,32.02,32.22,31.78,31.82,8501500,31.01
2013-05-07,31.92,32.13,31.46,31.65,11421600,30.84
2013-05-08,31.41,32.19,31.09,32.08,9991300,31.26
2013-05-09,32.01,32.16,31.62,31.65,10861700,30.84
2013-05-10,31.55,31.70,30.97,31.42,12811400,30.62
2013-05-13,31.16,31.35,30.87,31.00,8098100,30.21
2013-05-14,31.02,31.70,31.01,31.55,10676600,30.74
2013-05-15,31.55,32.40,31.51,32.31,15086000,31.49
2013-05-16,32.09,32.67,32.00,32.39,10425300,31.56
2013-05-17,32.99,33.77,32.81,33.42,20897700,32.57
2013-05-20,33.37,34.01,33.36,33.70,15260600,32.84
2013-05-21,33.59,33.96,32.88,33.40,13790500,32.55
2013-05-22,33.22,33.93,32.99,33.23,13238400,32.38
2013-05-23,32.33,33.11,32.10,32.85,10537300,32.01
2013-05-24,32.55,33.00,32.51,32.87,5861200,32.03
2013-05-28,34.00,34.30,33.75,33.96,16969400,33.09
2013-05-29,33.71,34.30,33.45,34.05,10867200,33.18
2013-05-30,34.04,34.91,33.87,34.64,15085300,33.76
2013-05-31,34.53,34.78,33.89,33.89,10137400,33.02
2013-06-03,34.57,34.69,33.38,34.42,17794500,33.54
2013-06-04,35.40,35.49,34.75,34.96,30517200,34.07
2013-06-05,35.00,35.07,34.00,34.02,22345200,33.15
2013-06-06,34.12,34.53,33.78,34.44,79847700,33.56
2013-06-07,34.79,35.10,34.00,35.03,30683600,34.14
2013-06-10,35.18,35.24,34.52,34.74,15219500,33.85
2013-06-11,34.37,34.49,33.59,33.93,17023900,33.06
2013-06-12,34.28,34.46,33.24,33.45,13642000,32.60
2013-06-13,33.36,34.51,33.10,34.50,15604800,33.62
2013-06-14,34.46,34.62,34.09,34.29,10091600,33.41
2013-06-17,34.50,34.56,33.60,33.73,10195000,32.87
2013-06-18,33.80,34.06,33.44,34.01,9926100,33.14
2013-06-19,34.02,34.25,33.65,33.66,8428700,32.80
2013-06-20,33.41,33.41,32.28,32.56,29107200,31.73
2013-06-21,32.96,32.97,31.74,32.21,18998000,31.39
2013-06-24,31.76,31.84,31.13,31.42,18970400,30.62
2013-06-25,31.75,32.02,31.54,31.82,9268300,31.01
2013-06-26,32.18,32.70,32.03,32.55,10374000,31.72
2013-06-27,32.92,33.50,32.78,33.10,11000300,32.26
2013-06-28,33.02,33.72,32.80,33.31,15813400,32.46
2013-07-01,33.52,34.19,33.41,34.00,10310800,33.13
2013-07-02,34.04,34.94,33.82,34.10,15171900,33.23
2013-07-03,33.94,34.40,33.76,34.14,5715700,33.27
2013-07-05,34.35,34.83,34.24,34.67,7107800,33.78
2013-07-08,34.78,35.02,34.54,34.64,11233600,33.76
2013-07-09,34.90,35.25,34.72,34.92,7243300,34.03
2013-07-10,34.90,35.34,34.84,35.33,11820200,34.43
2013-07-11,35.72,36.20,35.64,36.14,13246500,35.22
2013-07-12,36.09,36.58,35.91,36.40,10744300,35.47
2013-07-15,36.60,36.72,36.28,36.50,8968200,35.57
2013-07-16,36.87,36.94,35.76,36.18,16273700,35.26
2013-07-17,36.23,36.56,36.08,36.36,10943400,35.43
2013-07-18,36.50,36.99,36.33,36.84,10679400,35.90
2013-07-19,36.89,36.89,36.06,36.61,11608300,35.68
2013-07-22,36.62,36.99,36.48,36.76,11260700,35.82
2013-07-23,36.89,36.95,36.52,36.61,9296600,35.68
2013-07-24,37.11,37.45,36.87,37.14,15200600,36.19
2013-07-25,37.47,37.71,36.51,37.08,18095900,36.13
2013-07-26,36.93,37.00,36.46,36.67,15892800,35.73
2013-07-29,36.57,36.67,36.15,36.38,8407800,35.45
2013-07-30,36.53,36.78,36.32,36.50,12244500,35.57
2013-07-31,36.62,36.72,35.67,35.87,20696300,34.95
2013-08-01,36.39,36.86,36.01,36.47,16148300,35.54
2013-08-02,36.44,37.18,36.34,36.95,11913000,36.01
2013-08-05,37.03,37.05,36.65,36.75,7144300,35.81
2013-08-06,36.44,36.49,35.96,35.96,13485100,35.04
2013-08-07,36.01,36.10,35.43,35.48,19395100,34.57
2013-08-08,35.61,36.11,35.57,36.01,14457000,35.09
2013-08-09,35.96,36.27,35.70,36.02,7705800,35.10
2013-08-12,35.76,36.10,35.60,35.98,8441900,35.06
2013-08-13,36.21,36.21,35.59,35.84,7145700,34.93
2013-08-14,35.84,36.01,35.21,35.57,11341100,34.66
2013-08-15,35.17,35.18,34.41,34.55,20384600,33.67
2013-08-16,34.59,34.91,34.18,34.38,12498300,33.50
2013-08-19,34.56,34.83,34.42,34.49,9211700,33.61
2013-08-20,34.56,34.91,34.05,34.79,13766900,33.90
2013-08-21,34.78,34.95,34.39,34.53,9798600,33.65
2013-08-22,34.66,35.05,34.65,34.99,9572200,34.10
2013-08-23,35.14,35.22,34.86,35.06,7487000,34.17
2013-08-26,35.03,35.52,34.85,34.92,10831800,34.03
2013-08-27,34.44,34.61,33.62,33.69,11905600,32.83
2013-08-28,33.57,34.16,33.50,33.92,9109200,33.05
2013-08-29,33.82,34.69,33.81,34.45,10558000,33.57
2013-08-30,34.50,34.54,33.90,34.08,8099400,33.21
2013-09-03,34.68,34.77,33.96,34.14,10906700,33.27
2013-09-04,34.20,35.90,34.17,35.85,23036900,34.93
2013-09-05,36.01,36.79,35.87,36.33,18633800,35.40
2013-09-06,36.40,36.62,35.61,36.15,14244900,35.23
2013-09-09,36.34,36.70,36.25,36.48,13515500,35.55
2013-09-10,36.94,37.27,36.72,37.00,10626200,36.06
2013-09-11,36.53,36.60,36.02,36.35,27025600,35.42
2013-09-12,36.37,36.56,35.88,36.37,15743700,35.44
2013-09-13,36.49,36.55,35.99,36.06,12642900,35.14
2013-09-16,36.47,36.62,36.15,36.22,14715200,35.30
2013-09-17,36.32,36.98,36.32,36.71,12992300,35.77
2013-09-18,36.76,37.73,36.71,37.58,21432800,36.62
2013-09-19,37.84,37.88,37.16,37.23,16819500,36.28
2013-09-20,37.64,37.68,36.83,36.83,35700300,35.89
2013-09-23,37.15,37.50,36.55,37.13,18484700,36.18
2013-09-24,37.16,37.97,37.06,37.44,23723800,36.48
2013-09-25,37.53,37.78,37.16,37.18,15114600,36.23
2013-09-26,37.19,37.35,36.76,36.95,14022900,36.01
2013-09-27,36.77,36.90,36.16,36.37,14173500,35.44
2013-09-30,35.71,36.31,35.62,35.97,17724400,35.05
2013-10-01,36.04,36.41,35.32,35.91,21886600,34.99
2013-10-02,35.74,36.00,35.23,35.94,19459700,35.02
2013-10-03,35.76,35.94,35.13,35.29,15001200,34.39
2013-10-04,35.44,35.80,35.13,35.70,13811100,34.79
2013-10-07,35.23,35.52,35.02,35.18,12181000,34.28
2013-10-08,35.25,35.27,34.17,34.21,23658400,33.34
2013-10-09,34.33,34.39,33.92,34.16,21109900,33.29
2013-10-10,34.74,34.89,34.61,34.85,18041900,33.96
2013-10-11,34.79,35.52,34.66,35.35,15406700,34.45
2013-10-14,34.83,35.45,34.81,35.33,11193400,34.43
2013-10-15,35.28,35.38,34.51,34.70,13708400,33.81
2013-10-16,35.02,35.21,34.78,35.13,15529600,34.23
2013-10-17,35.16,35.79,34.96,35.66,12602900,34.75
2013-10-18,36.21,36.30,35.68,35.89,14638500,34.97
2013-10-21,36.26,36.27,35.34,35.50,13451700,34.59
2013-10-22,35.62,36.13,35.37,35.41,17008200,34.51
2013-10-23,35.38,35.39,34.53,35.05,17307600,34.16
2013-10-24,35.49,36.03,35.10,35.63,19287000,34.72
2013-10-25,35.67,35.77,35.32,35.59,12849100,34.68
2013-10-28,35.44,35.97,35.43,35.80,12985100,34.89
2013-10-29,35.82,36.18,35.51,36.06,24055000,35.14
2013-10-30,37.20,37.55,36.78,37.23,42130000,36.28
2013-10-31,37.18,37.99,36.95,36.95,28102800,36.01
2013-11-01,37.17,38.21,37.05,37.39,30765400,36.44
2013-11-04,37.50,37.80,37.41,37.47,18005200,36.51
2013-11-05,37.28,37.51,37.07,37.09,15197700,36.14
2013-11-06,37.24,37.40,36.57,36.59,16162300,35.66
2013-11-07,36.61,36.75,35.91,35.92,19893700,35.00
2013-11-08,36.15,36.77,36.01,36.66,18203100,35.72
2013-11-11,36.68,37.09,36.50,36.68,13666500,35.74
2013-11-12,36.67,36.80,36.37,36.66,14363600,35.72
2013-11-13,36.50,38.53,36.48,38.44,43860200,37.46
2013-11-14,38.70,38.80,38.15,38.50,28491100,37.52
2013-11-15,38.51,39.08,38.20,38.77,21691400,37.78
2013-11-18,38.81,39.18,38.53,38.57,16792400,37.59
2013-11-19,38.57,38.74,37.89,38.01,19843100,37.04
2013-11-20,38.11,38.71,37.60,37.69,16898700,36.73
2013-11-21,38.85,39.00,38.04,38.12,33903900,37.15
2013-11-22,38.20,38.50,37.58,37.63,26771300,36.67
2013-11-25,37.75,37.87,37.39,37.55,21111100,36.59
2013-11-26,37.70,37.94,37.40,37.67,22798600,36.71
2013-11-27,37.71,38.99,37.60,38.85,27415800,37.86
2013-11-29,38.90,39.15,38.50,38.73,7672100,37.74
2013-12-02,39.10,39.39,38.91,39.11,21200600,38.11
2013-12-03,38.89,39.09,37.68,38.14,44835100,37.17
2013-12-04,38.53,39.62,38.12,38.71,39727900,37.72
2013-12-05,38.99,39.34,38.55,39.09,34580800,38.09
2013-12-06,39.99,40.38,39.60,40.17,37909500,39.14
2013-12-09,40.38,41.17,40.31,40.90,29291100,39.86
2013-12-10,40.55,41.13,40.40,40.40,32542300,39.37
2013-12-11,40.76,40.83,40.07,40.16,16384800,39.13
2013-12-12,40.10,40.61,40.01,40.05,18900500,39.03
2013-12-13,40.19,40.35,40.02,40.04,14885400,39.02
2013-12-16,40.56,41.55,40.46,41.44,33583200,40.38
2013-12-17,41.66,41.85,41.14,41.53,28297500,40.47
2013-12-18,41.17,41.40,39.86,41.27,51850700,40.22
2013-12-19,41.14,41.27,40.08,40.30,25225400,39.27
2013-12-20,40.48,41.05,40.18,40.99,49654800,39.94
2013-12-23,40.90,41.58,40.61,41.29,20370000,40.24
2013-12-24,41.25,41.31,40.83,40.88,7605300,39.84
2013-12-26,41.04,41.85,41.04,41.52,11168400,40.46
2013-12-27,41.31,41.44,40.86,40.94,10052700,39.89
2013-12-30,41.00,41.13,40.65,40.69,8737600,39.65
2013-12-31,40.70,41.04,40.58,40.87,11100900,39.83
2014-01-02,40.68,41.06,40.34,40.95,14763300,39.90
2014-01-03,40.92,40.95,39.00,39.57,41426900,38.56
2014-01-06,39.90,40.59,39.64,40.40,25063500,39.37
2014-01-07,40.70,40.94,40.10,40.20,14156900,39.17
2014-01-08,40.33,40.84,40.20,40.42,11342400,39.39
2014-01-09,40.88,40.94,40.28,40.49,9790600,39.46
2014-01-10,40.60,40.68,39.84,40.03,14596000,39.01
2014-01-13,40.16,40.64,39.44,39.58,20993200,38.57
2014-01-14,39.77,40.16,39.57,40.02,17389100,39.00
2014-01-15,39.63,39.77,38.96,39.38,89207600,38.37
2014-01-16,39.31,39.55,38.76,39.00,36091300,38.00
2014-01-17,39.07,39.10,38.33,38.60,28003300,37.61
2014-01-21,38.89,39.00,37.90,38.34,30786600,37.36
2014-01-22,38.40,38.82,38.12,38.80,16902000,37.81
2014-01-23,38.34,38.50,37.91,38.42,20556300,37.44
2014-01-24,38.07,38.11,36.70,36.83,39564500,35.89
2014-01-27,36.80,37.28,36.06,36.76,33915300,35.82
2014-01-28,37.16,37.20,36.72,36.81,15926700,35.87
2014-01-29,36.06,36.96,36.01,36.35,17523300,35.42
2014-01-30,36.88,37.07,36.48,36.84,15481800,35.90
2014-01-31,36.22,36.84,35.88,36.08,27201000,35.16
2014-02-03,36.27,36.31,34.91,35.25,38974100,34.35
2014-02-04,35.47,35.98,35.25,35.82,20948700,34.91
2014-02-05,35.84,35.84,34.96,35.24,29446400,34.34
2014-02-06,34.43,35.82,34.36,35.23,53685400,34.33
2014-02-07,35.97,36.47,35.42,36.11,31248000,35.19
2014-02-10,35.91,35.92,34.62,34.90,43268400,34.01
2014-02-11,35.22,35.74,35.19,35.25,23772400,34.35
2014-02-12,35.49,35.65,35.13,35.56,23300900,34.65
2014-02-13,35.17,35.22,34.76,35.20,30500900,34.30
2014-02-14,35.37,36.08,35.25,35.95,22767300,35.03
2014-02-18,36.43,36.49,36.00,36.31,24555900,35.38
2014-02-19,36.22,36.72,36.00,36.03,23060900,35.11
2014-02-20,36.19,36.60,36.00,36.51,18637700,35.58
2014-02-21,36.68,36.75,36.14,36.69,51722400,35.75
2014-02-24,36.70,36.82,36.44,36.55,22000200,35.62
2014-02-25,36.67,36.80,35.99,36.10,22504100,35.18
2014-02-26,35.95,37.13,35.94,36.83,26657500,35.89
2014-02-27,36.56,36.85,35.97,36.77,28750100,35.83
2014-02-28,36.73,36.76,35.89,36.20,44345100,35.28
2014-03-03,35.70,36.59,35.70,36.21,24013200,35.29
2014-03-04,36.53,36.99,36.43,36.93,17884600,35.99
2014-03-05,37.54,38.05,37.33,37.52,28489000,36.56
2014-03-06,37.87,38.05,37.54,37.54,19105200,36.58
2014-03-07,37.94,38.01,37.45,37.69,17547800,36.73
2014-03-10,37.56,37.56,36.76,37.09,17552600,36.14
2014-03-11,37.00,37.12,35.02,35.18,41033400,34.28
2014-03-12,34.76,35.25,34.37,34.86,46300500,33.97
2014-03-13,35.04,35.16,33.87,34.09,39628600,33.22
2014-03-14,33.85,34.56,33.57,34.09,31908600,33.51
2014-03-17,34.14,34.69,33.71,34.63,29696400,34.05
2014-03-18,34.68,35.24,34.50,35.17,21329700,34.58
2014-03-19,35.28,36.00,34.60,34.91,14690900,34.32
2014-03-20,34.79,35.27,34.40,35.26,14456100,34.66
2014-03-21,35.39,35.50,34.78,35.01,24010100,34.42
2014-03-24,34.69,35.17,34.28,35.14,21461500,34.55
2014-03-25,35.13,35.18,34.19,34.51,24817600,33.93
2014-03-26,34.68,34.74,34.20,34.22,16997000,33.64
2014-03-27,34.28,34.99,34.11,34.51,16382900,33.93
2014-03-28,34.64,35.02,34.56,34.73,19175400,34.14
2014-03-31,34.53,34.79,33.95,34.42,24292600,33.84
2014-04-01,34.50,35.14,34.32,34.34,46569800,33.76
2014-04-02,34.65,35.05,34.38,34.88,41863900,34.29
2014-04-03,34.94,35.50,34.73,35.44,20578700,34.84
2014-04-04,35.58,35.70,34.65,34.81,20368900,34.22
2014-04-07,34.67,34.73,33.82,34.11,24348100,33.53
2014-04-08,34.15,34.60,33.85,34.53,20615600,33.95
2014-04-09,33.90,34.24,33.60,33.62,33165400,33.05
2014-04-10,33.71,34.06,33.30,33.30,34302100,32.74
2014-04-11,33.00,33.09,31.70,31.93,45760200,31.39
2014-04-14,32.29,32.88,32.15,32.55,18759700,32.00
2014-04-15,32.81,33.44,32.29,33.36,23450900,32.80
2014-04-16,33.69,33.99,33.32,33.97,18140700,33.40
2014-04-17,33.83,34.09,33.80,33.98,12351100,33.41
2014-04-21,33.95,34.21,33.75,33.98,9909400,33.41
2014-04-22,34.03,34.44,34.00,34.23,12291600,33.65
2014-04-23,34.29,34.61,34.10,34.39,16063900,33.81
2014-04-24,35.50,35.70,33.52,34.17,33352400,33.59
2014-04-25,33.55,34.08,33.55,33.72,16031100,33.15
2014-04-28,33.93,33.94,33.52,33.76,20175900,33.19
2014-04-29,33.70,34.10,33.62,33.99,12087700,33.42
2014-04-30,33.84,34.54,33.84,34.48,14037800,33.90
2014-05-01,34.67,35.40,34.54,34.90,19572600,34.31
2014-05-02,35.03,35.33,34.86,34.97,11396700,34.38
2014-05-05,34.84,34.89,34.63,34.75,8449100,34.16
2014-05-06,35.07,35.14,34.75,34.75,10114500,34.16
2014-05-07,34.96,35.11,34.61,35.07,9269700,34.48
2014-05-08,34.98,35.43,34.73,34.85,10251500,34.26
2014-05-09,34.80,34.90,34.15,34.23,16803500,33.65
2014-05-12,34.38,34.94,34.38,34.82,9498900,34.23
2014-05-13,34.84,35.19,34.60,35.15,9048300,34.56
2014-05-14,35.10,35.11,34.80,34.94,10495300,34.35
2014-05-15,34.61,34.75,33.83,34.36,18088600,33.78
2014-05-16,33.75,34.65,33.49,34.00,21485200,33.43
2014-05-19,33.84,34.35,33.80,34.25,9006100,33.67
2014-05-20,34.16,34.30,32.96,33.07,24894200,32.51
2014-05-21,33.15,33.62,33.10,33.46,12392400,32.90
2014-05-22,33.39,33.70,33.31,33.42,8428000,32.86
2014-05-23,33.49,33.69,33.41,33.63,8267100,33.06
2014-05-27,33.92,33.98,33.77,33.94,8995100,33.37
2014-05-28,34.09,34.62,33.96,34.59,12575800,34.01
2014-05-29,34.60,34.65,34.25,34.45,10880900,33.87
2014-05-30,34.30,34.64,34.20,34.58,14172100,34.00
2014-06-02,34.54,34.90,34.29,34.86,11541800,34.27
2014-06-03,35.12,35.69,34.75,35.26,17795900,34.66
2014-06-04,35.50,36.88,35.35,36.52,33252200,35.90
2014-06-05,36.96,37.04,36.16,36.27,25094500,35.66
2014-06-06,36.07,36.75,35.75,36.55,17642800,36.23
2014-06-09,36.47,36.83,36.34,36.50,10279300,36.18
2014-06-10,36.28,36.70,36.18,36.40,8460700,36.08
2014-06-11,36.23,36.29,35.92,36.12,8866200,35.81
2014-06-12,36.00,36.28,35.49,35.52,16818500,35.21
2014-06-13,35.38,35.78,35.38,35.63,12046600,35.32
2014-06-16,35.49,36.18,35.49,36.06,12603700,35.75
2014-06-17,35.87,36.38,35.62,36.36,13211600,36.04
2014-06-18,36.36,36.47,35.93,36.30,16352000,35.99
2014-06-19,36.35,36.64,36.20,36.37,11277800,36.05
2014-06-20,36.55,36.58,36.10,36.22,14018700,35.91
2014-06-23,36.21,36.80,36.19,36.67,11584800,36.35
2014-06-24,36.62,37.07,36.47,36.58,15031800,36.26
2014-06-25,36.46,37.18,36.45,37.09,12201300,36.77
2014-06-26,36.89,36.97,36.41,36.90,11463200,36.58
2014-06-27,36.73,37.03,36.62,36.62,25426500,36.30
2014-06-30,36.59,36.90,35.98,36.30,20880200,35.99
2014-07-01,36.25,37.64,36.25,37.59,23414100,37.26
2014-07-02,37.50,38.15,37.37,37.74,17672200,37.41
2014-07-03,37.96,38.11,37.72,37.74,6743700,37.41
2014-07-07,37.91,37.91,37.17,37.44,11129900,37.12
2014-07-08,37.41,37.77,37.20,37.58,11783200,37.25
2014-07-09,37.66,38.13,37.63,37.97,11676300,37.64
2014-07-10,37.48,37.90,37.35,37.75,9898900,37.42
2014-07-11,37.72,38.01,37.59,37.95,6203400,37.62
2014-07-14,38.10,38.13,37.56,37.70,9314600,37.37
2014-07-15,37.61,37.95,37.44,37.58,8615400,37.25
2014-07-16,37.77,37.91,37.46,37.48,10954200,37.15
2014-07-17,37.31,37.67,37.01,37.10,11014700,36.78
2014-07-18,37.34,37.42,37.06,37.41,8741400,37.09
2014-07-21,37.38,37.53,37.05,37.43,6625100,37.11
2014-07-22,37.56,37.90,37.53,37.76,9655800,37.43
2014-07-23,37.79,37.92,37.41,37.41,13865100,37.09
2014-07-24,36.67,36.85,35.32,35.74,35694100,35.43
2014-07-25,35.10,35.29,34.56,35.07,28537300,34.77
2014-07-28,35.03,35.09,34.78,34.90,15051300,34.60
2014-07-29,35.01,35.20,34.43,34.45,16560100,34.15
2014-07-30,34.50,34.66,34.01,34.31,18941700,34.01
2014-07-31,34.15,34.24,33.78,33.82,13408400,33.53
2014-08-01,33.79,34.00,33.30,33.44,15343800,33.15
2014-08-04,33.76,34.02,33.50,33.61,11486300,33.32
2014-08-05,33.57,33.81,33.15,33.36,11012500,33.07
2014-08-06,33.23,33.67,33.23,33.40,8715400,33.11
2014-08-07,33.56,33.63,32.80,33.11,13526700,32.82
2014-08-08,33.09,33.56,33.09,33.53,9935600,33.24
2014-08-11,33.64,33.85,33.41,33.80,10873700,33.51
2014-08-12,33.75,34.14,33.55,33.70,10304000,33.41
2014-08-13,33.93,34.07,33.78,33.95,7156100,33.66
2014-08-14,33.81,33.96,33.22,33.95,9956800,33.66
2014-08-15,34.05,34.16,33.51,33.84,14153500,33.55
2014-08-18,34.09,34.44,34.04,34.40,10327200,34.10
2014-08-19,34.69,34.75,34.33,34.57,10422900,34.27
2014-08-20,34.49,34.72,34.30,34.53,9112500,34.23
2014-08-21,34.62,34.73,34.46,34.60,6585300,34.30
2014-08-22,34.51,34.52,34.16,34.24,8665700,33.94
2014-08-25,34.43,34.74,34.31,34.67,9546400,34.37
2014-08-26,34.76,35.00,34.63,34.85,7535000,34.55
2014-08-27,34.92,34.93,34.58,34.71,7118000,34.41
2014-08-28,34.49,34.75,34.22,34.68,5971400,34.38
2014-08-29,34.74,34.85,34.61,34.80,5548700,34.50
2014-09-02,34.88,35.14,34.62,34.80,7824100,34.50
2014-09-03,35.06,35.12,34.46,34.47,11626400,34.17
2014-09-04,34.49,34.92,34.44,34.63,9566300,34.33
2014-09-05,34.59,34.61,34.23,34.58,13671800,34.28
2014-09-08,34.03,34.15,33.15,33.24,22120600,33.24
2014-09-09,33.20,33.30,33.01,33.07,11861000,33.07
2014-09-10,33.12,33.34,33.06,33.29,10471000,33.29
2014-09-11,33.16,33.70,33.15,33.61,10120400,33.61
2014-09-12,33.48,33.60,33.10,33.27,11077900,33.27
