,Date,AdjClose,MvgAvgShort,MvgAvgLong,MACD,MACDMvgAvg9,MACDTrigger
0,2013-01-02,32.71,,,,,
1,2013-01-03,32.44,,,,,
2,2013-01-04,32.03,,,,,
3,2013-01-07,32.1,,,,,
4,2013-01-08,31.4,,,,,
5,2013-01-09,31.58,,,,,
6,2013-01-10,31.67,,,,,
7,2013-01-11,31.91,,,,,
8,2013-01-14,32.13,,,,,
9,2013-01-15,32.61,,,,,
10,2013-01-16,33.5,,,,,
11,2013-01-17,34.33,32.3675,,,,
12,2013-01-18,35.18,32.5733,,,,
13,2013-01-22,34.33,32.7308,,,,
14,2013-01-23,35.63,33.0308,,,,
15,2013-01-24,35.31,33.2983,,,,
16,2013-01-25,35.44,33.635,,,,
17,2013-01-28,34.77,33.9008,,,,
18,2013-01-29,35.17,34.1925,,,,
19,2013-01-30,34.81,34.4342,,,,
20,2013-01-31,34.58,34.6383,,,,
21,2013-02-01,35.05,34.8417,,,,
22,2013-02-04,35.14,34.9783,,,,
23,2013-02-05,35.06,35.0392,,,,
24,2013-02-06,35.01,35.025,,,,
25,2013-02-07,34.33,35.025,33.7777,,,
26,2013-02-08,34.17,34.9033,33.8338,1.0695,,1.0
27,2013-02-11,33.79,34.7767,33.8858,0.8909,,1.0
28,2013-02-12,33.39,34.6058,33.9381,0.6677,,1.0
29,2013-02-13,33.25,34.4792,33.9823,0.4969,,1.0
30,2013-02-14,34.47,34.4208,34.1004,0.3204,,1.0
31,2013-02-15,35.42,34.4717,34.2481,0.2236,,1.0
32,2013-02-19,36.0,34.59,34.4146,0.1754,,1.0
33,2013-02-20,36.39,34.7017,34.5869,0.1148,,1.0
34,2013-02-21,36.55,34.8192,34.7569,0.0623,0.4468,1.0
35,2013-02-22,36.25,34.9183,34.8969,0.0214,0.3304,1.0
36,2013-02-25,35.22,34.9358,34.9631,-0.0273,0.2284,0.0
37,2013-02-26,34.96,34.9883,34.9873,0.001,0.1543,1.0
38,2013-02-27,34.62,35.0258,34.9658,0.06,0.1057,1.0
39,2013-02-28,34.8,35.11,34.9838,0.1262,0.0842,1.0
40,2013-03-01,35.64,35.2975,34.9842,0.3133,0.0941,1.0
41,2013-03-04,36.04,35.53,35.0123,0.5177,0.1322,1.0
42,2013-03-05,35.36,35.6042,35.0092,0.595,0.1855,1.0
43,2013-03-06,35.57,35.6167,35.04,0.5767,0.2427,1.0
44,2013-03-07,35.34,35.5617,35.0465,0.5152,0.2975,1.0
45,2013-03-08,35.2,35.4625,35.0615,0.401,0.3451,1.0
46,2013-03-11,35.51,35.3758,35.0973,0.2785,0.376,1.0
47,2013-03-12,35.04,35.275,35.0969,0.1781,0.3891,1.0
48,2013-03-13,35.04,35.26,35.0931,0.1669,0.3936,1.0
49,2013-03-14,35.4,35.2967,35.1062,0.1905,0.38,1.0
50,2013-03-15,36.29,35.4358,35.1554,0.2804,0.3536,1.0
51,2013-03-18,35.97,35.5333,35.2185,0.3148,0.3225,1.0
52,2013-03-19,36.16,35.5767,35.295,0.2817,0.2897,1.0
53,2013-03-20,36.82,35.6417,35.4115,0.2302,0.258,1.0
54,2013-03-21,36.28,35.7183,35.5227,0.1956,0.2352,1.0
55,2013-03-22,36.73,35.815,35.6565,0.1585,0.2219,1.0
56,2013-03-25,37.06,35.9583,35.7562,0.2021,0.2245,1.0
57,2013-03-26,37.9,36.1833,35.8515,0.3318,0.2428,1.0
58,2013-03-27,37.85,36.3783,35.9227,0.4556,0.2723,1.0
59,2013-03-28,38.44,36.6617,36.0015,0.6602,0.3145,1.0
60,2013-04-01,38.76,36.9717,36.0865,0.8852,0.3779,1.0
61,2013-04-02,38.37,37.2192,36.1681,1.0511,0.4634,1.0
62,2013-04-03,38.24,37.3817,36.2842,1.0975,0.5597,1.0
63,2013-04-04,39.21,37.6517,36.4477,1.204,0.6718,1.0
64,2013-04-05,38.94,37.8833,36.6138,1.2695,0.7952,1.0
65,2013-04-08,39.37,38.0958,36.7896,1.3062,0.9179,1.0
66,2013-04-09,40.11,38.415,36.9615,1.4535,1.0425,1.0
67,2013-04-10,41.12,38.7808,37.1569,1.6239,1.1723,1.0
68,2013-04-11,41.1,39.1175,37.3777,1.7398,1.2923,1.0
69,2013-04-12,40.99,39.375,37.5862,1.7888,1.3927,1.0
70,2013-04-15,39.42,39.5058,37.7431,1.7627,1.4718,1.0
71,2013-04-16,40.38,39.6675,37.9423,1.7252,1.5415,1.0
72,2013-04-17,40.18,39.7858,38.1219,1.6639,1.5926,1.0
73,2013-04-18,40.26,39.9433,38.3227,1.6206,1.6316,1.0
74,2013-04-19,40.33,40.1175,38.5262,1.5913,1.6633,1.0
75,2013-04-22,42.05,40.3542,38.7819,1.5723,1.6765,1.0
76,2013-04-23,42.94,40.6875,39.0377,1.6498,1.6794,1.0
77,2013-04-24,42.16,40.92,39.2758,1.6442,1.6688,1.0
78,2013-04-25,42.09,41.085,39.5038,1.5812,1.6457,1.0
79,2013-04-26,43.61,41.2925,39.765,1.5275,1.6196,1.0
80,2013-04-29,43.03,41.4533,40.0246,1.4287,1.5866,1.0
81,2013-04-30,43.81,41.6883,40.2969,1.3914,1.5563,1.0
82,2013-05-01,43.33,42.0142,40.5381,1.4761,1.5403,1.0
83,2013-05-02,41.85,42.1367,40.69,1.4467,1.5242,1.0
84,2013-05-03,42.5,42.33,40.8688,1.4612,1.5119,1.0
85,2013-05-06,42.42,42.51,41.0219,1.4881,1.4939,1.0
86,2013-05-07,42.72,42.7092,41.1742,1.535,1.4818,1.0
87,2013-05-08,41.37,42.6525,41.2896,1.3629,1.4575,1.0
88,2013-05-09,42.09,42.5817,41.4377,1.144,1.4149,1.0
89,2013-05-10,42.82,42.6367,41.5765,1.0602,1.374,1.0
90,2013-05-13,42.37,42.66,41.7085,0.9515,1.3251,1.0
91,2013-05-14,43.14,42.6208,41.8535,0.7673,1.2463,1.0
92,2013-05-15,43.79,42.6842,41.995,0.6892,1.1622,1.0
93,2013-05-16,43.96,42.6967,42.1042,0.5925,1.0656,1.0
94,2013-05-17,44.87,42.825,42.2492,0.5758,0.9643,1.0
95,2013-05-20,44.01,43.005,42.3654,0.6396,0.8648,1.0
96,2013-05-21,44.27,43.1525,42.5519,0.6006,0.7801,1.0
97,2013-05-22,44.48,43.3242,42.7096,0.6146,0.7213,1.0
98,2013-05-23,44.32,43.4575,42.8688,0.5887,0.6689,1.0
99,2013-05-24,43.23,43.6125,42.9831,0.6294,0.6331,1.0
100,2013-05-28,43.18,43.7033,43.0927,0.6106,0.6157,1.0
101,2013-05-29,41.74,43.6133,43.0808,0.5325,0.5983,1.0
102,2013-05-30,42.38,43.6142,43.0592,0.555,0.5941,1.0
103,2013-05-31,40.61,43.4033,42.9996,0.4037,0.575,1.0
104,2013-06-03,41.25,43.1917,42.9673,0.2244,0.5288,1.0
105,2013-06-04,41.51,42.9875,42.8865,0.101,0.4733,1.0
106,2013-06-05,40.94,42.66,42.8062,-0.1462,0.3888,0.0
107,2013-06-06,41.38,42.4408,42.7127,-0.2719,0.2932,0.0
108,2013-06-07,41.86,42.24,42.6562,-0.4162,0.177,0.0
109,2013-06-10,41.78,42.015,42.6535,-0.6385,0.0382,0.0
110,2013-06-11,41.47,41.7775,42.6138,-0.8363,-0.1139,0.0
111,2013-06-12,40.69,41.5658,42.5473,-0.9815,-0.2846,0.0
112,2013-06-13,41.05,41.3883,42.4831,-1.0948,-0.4511,0.0
113,2013-06-14,41.11,41.3358,42.4731,-1.1373,-0.6024,0.0
114,2013-06-17,40.92,41.2142,42.4281,-1.2139,-0.7485,0.0
115,2013-06-18,41.42,41.2817,42.3742,-1.0925,-0.8537,0.0
116,2013-06-19,40.94,41.2558,42.3192,-1.0634,-0.9416,0.0
117,2013-06-20,39.06,41.0517,42.1623,-1.1106,-1.0188,0.0
118,2013-06-21,40.55,41.0192,42.0377,-1.0185,-1.061,0.0
119,2013-06-24,39.85,40.8917,41.8796,-0.9879,-1.0778,0.0
120,2013-06-25,40.55,40.7825,41.7135,-0.931,-1.0722,0.0
121,2013-06-26,41.27,40.74,41.6081,-0.8681,-1.047,0.0
122,2013-06-27,41.03,40.7033,41.4835,-0.7802,-1.0073,0.0
123,2013-06-28,39.33,40.59,41.2854,-0.6954,-0.9497,0.0
124,2013-07-01,39.58,40.4675,41.1031,-0.6356,-0.899,0.0
125,2013-07-02,40.16,40.3883,40.985,-0.5967,-0.8471,0.0
126,2013-07-03,40.17,40.3258,40.8692,-0.5434,-0.7841,0.0
127,2013-07-05,40.64,40.2608,40.8269,-0.5661,-0.7338,0.0
128,2013-07-08,41.55,40.3117,40.795,-0.4833,-0.6778,0.0
129,2013-07-09,41.21,40.4908,40.8181,-0.3273,-0.6107,0.0
130,2013-07-10,41.77,40.5925,40.8381,-0.2456,-0.5415,0.0
131,2013-07-11,42.03,40.7742,40.8581,-0.0839,-0.4641,0.0
132,2013-07-12,43.25,40.9992,40.9469,0.0523,-0.3811,1.0
133,2013-07-15,42.84,41.13,41.0031,0.1269,-0.2963,1.0
134,2013-07-16,42.06,41.2158,41.0108,0.205,-0.2073,1.0
135,2013-07-17,42.2,41.455,41.0269,0.4281,-0.0993,1.0
136,2013-07-18,42.55,41.7025,41.0685,0.634,0.034,1.0
137,2013-07-19,42.74,41.9175,41.1473,0.7702,0.1733,1.0
138,2013-07-22,43.17,42.1675,41.2288,0.9387,0.314,1.0
139,2013-07-23,42.54,42.3258,41.2838,1.042,0.457,1.0
140,2013-07-24,41.9,42.355,41.3215,1.0335,0.5812,1.0
141,2013-07-25,42.47,42.46,41.3619,1.0981,0.6974,1.0
142,2013-07-26,43.0,42.5625,41.4412,1.1213,0.8079,1.0
143,2013-07-29,43.26,42.665,41.6027,1.0623,0.9031,1.0
144,2013-07-30,42.91,42.6367,41.6935,0.9432,0.9604,1.0
145,2013-07-31,43.66,42.705,41.84,0.865,0.986,1.0
146,2013-08-01,43.44,42.82,41.9512,0.8688,0.997,1.0
147,2013-08-02,43.51,42.9292,42.0373,0.8919,0.9918,1.0
148,2013-08-05,42.92,42.96,42.11,0.85,0.9705,1.0
149,2013-08-06,43.09,42.9892,42.2546,0.7346,0.9372,1.0
150,2013-08-07,42.79,42.9575,42.3781,0.5794,0.8796,1.0
151,2013-08-08,43.26,43.0175,42.4973,0.5202,0.8128,1.0
152,2013-08-09,42.92,43.1025,42.6031,0.4994,0.7503,1.0
153,2013-08-12,43.24,43.1667,42.7031,0.4636,0.697,1.0
154,2013-08-13,43.14,43.1783,42.7642,0.4141,0.6469,1.0
155,2013-08-14,42.8,43.14,42.8254,0.3146,0.5853,1.0
156,2013-08-15,41.48,43.0208,42.8142,0.2066,0.5092,1.0
157,2013-08-16,41.28,42.8225,42.7854,0.0371,0.4188,1.0
158,2013-08-19,41.64,42.6725,42.7235,-0.051,0.3316,0.0
159,2013-08-20,41.25,42.4842,42.6623,-0.1781,0.2474,0.0
160,2013-08-21,40.62,42.2925,42.6069,-0.3144,0.1547,0.0
161,2013-08-22,41.21,42.1358,42.5688,-0.433,0.0511,0.0
162,2013-08-23,41.7,42.045,42.5362,-0.4912,-0.055,0.0
163,2013-08-26,41.71,41.9158,42.4965,-0.5807,-0.1656,0.0
164,2013-08-27,40.93,41.75,42.4104,-0.6604,-0.2739,0.0
165,2013-08-28,40.86,41.5517,42.3458,-0.7941,-0.3851,0.0
166,2013-08-29,40.92,41.3667,42.3081,-0.9414,-0.4938,0.0
167,2013-08-30,40.91,41.2092,42.2481,-1.0389,-0.6036,0.0
168,2013-09-03,40.89,41.16,42.1669,-1.0069,-0.6957,0.0
169,2013-09-04,41.41,41.1708,42.0958,-0.925,-0.7635,0.0
170,2013-09-05,41.77,41.1817,42.0519,-0.8702,-0.8121,0.0
171,2013-09-06,42.14,41.2558,41.9935,-0.7377,-0.8395,0.0
172,2013-09-09,42.66,41.4258,41.9635,-0.5377,-0.8347,0.0
173,2013-09-10,42.99,41.5742,41.9435,-0.3693,-0.8024,0.0
174,2013-09-11,43.15,41.695,41.9523,-0.2573,-0.7427,0.0
175,2013-09-12,42.91,41.795,41.9454,-0.1504,-0.6548,0.0
176,2013-09-13,43.1,41.9758,41.9573,0.0185,-0.5373,1.0
177,2013-09-16,43.99,42.2367,41.9854,0.2513,-0.3975,1.0
178,2013-09-17,45.7,42.635,42.0923,0.5427,-0.2345,1.0
179,2013-09-18,46.01,43.06,42.1988,0.8612,-0.0421,1.0
180,2013-09-19,45.51,43.445,42.29,1.155,0.1682,1.0
181,2013-09-20,45.93,43.8217,42.4104,1.4113,0.3848,1.0
182,2013-09-23,45.22,44.1092,42.5542,1.555,0.5986,1.0
183,2013-09-24,44.14,44.2758,42.6642,1.6116,0.8062,1.0
184,2013-09-25,43.52,44.3475,42.7365,1.611,1.002,1.0
185,2013-09-26,43.2,44.365,42.8115,1.5535,1.1725,1.0
186,2013-09-27,42.56,44.3158,42.8862,1.4296,1.3034,1.0
187,2013-09-30,42.94,44.3183,42.9527,1.3656,1.3949,1.0
188,2013-10-01,43.97,44.3908,43.04,1.3508,1.4493,1.0
189,2013-10-02,44.11,44.4008,43.1323,1.2685,1.4619,1.0
190,2013-10-03,44.17,44.2733,43.2569,1.0164,1.418,1.0
191,2013-10-04,44.93,44.1833,43.4135,0.7698,1.3308,1.0
192,2013-10-07,44.25,44.0783,43.5415,0.5368,1.2113,1.0
193,2013-10-08,42.74,43.8125,43.6119,0.2006,1.0546,1.0
194,2013-10-09,43.02,43.6292,43.6938,-0.0646,0.8748,0.0
195,2013-10-10,44.25,43.6383,43.8031,-0.1648,0.6977,0.0
196,2013-10-11,44.22,43.6967,43.8973,-0.2006,0.5237,0.0
197,2013-10-14,44.88,43.8367,44.0027,-0.166,0.3551,0.0
198,2013-10-15,44.64,44.01,44.0788,-0.0688,0.2065,0.0
199,2013-10-16,45.59,44.2308,44.1788,0.052,0.0994,1.0
200,2013-10-17,46.66,44.455,44.3138,0.1412,0.0295,1.0
201,2013-10-18,46.82,44.6808,44.4642,0.2166,-0.006,1.0
202,2013-10-21,46.84,44.9033,44.6081,0.2952,0.0045,1.0
203,2013-10-22,47.47,45.115,44.7419,0.3731,0.0531,1.0
204,2013-10-23,46.82,45.3292,44.785,0.5442,0.1319,1.0
205,2013-10-24,46.43,45.6367,44.8012,0.8355,0.247,1.0
206,2013-10-25,47.76,46.0317,44.8877,1.144,0.3926,1.0
207,2013-10-28,47.87,46.3333,44.9623,1.371,0.5525,1.0
208,2013-10-29,48.23,46.6675,45.0781,1.5894,0.7234,1.0
209,2013-10-30,47.27,46.8667,45.1985,1.6682,0.893,1.0
210,2013-10-31,46.93,47.0575,45.3296,1.7279,1.0609,1.0
211,2013-11-01,47.43,47.2108,45.4923,1.7185,1.2191,1.0
212,2013-11-04,47.23,47.2583,45.6719,1.5864,1.3539,1.0
213,2013-11-05,46.66,47.245,45.815,1.43,1.4523,1.0
214,2013-11-06,46.55,47.2208,45.9142,1.3066,1.5047,1.0
215,2013-11-07,45.76,47.0783,45.9777,1.1006,1.4998,1.0
216,2013-11-08,46.53,47.0542,46.0685,0.9857,1.457,1.0
217,2013-11-11,47.05,47.1058,46.15,0.9558,1.3866,1.0
218,2013-11-12,45.99,46.9583,46.2169,0.7414,1.2837,1.0
219,2013-11-13,46.35,46.8317,46.3558,0.4759,1.1445,1.0
220,2013-11-14,46.54,46.6908,46.4912,0.1996,0.9758,1.0
221,2013-11-15,46.92,46.6617,46.5938,0.0679,0.8071,1.0
222,2013-11-18,47.34,46.6958,46.7138,-0.018,0.6462,0.0
223,2013-11-19,46.94,46.655,46.7931,-0.1381,0.4856,0.0
224,2013-11-20,46.45,46.59,46.8627,-0.2727,0.3331,0.0
225,2013-11-21,47.05,46.6225,46.9188,-0.2963,0.1906,0.0
226,2013-11-22,47.41,46.6942,46.9477,-0.2535,0.0562,0.0
227,2013-11-25,46.9,46.7892,46.9508,-0.1616,-0.0441,0.0
228,2013-11-26,47.08,46.835,46.96,-0.125,-0.1109,0.0
229,2013-11-27,46.74,46.8092,46.9319,-0.1227,-0.1467,0.0
230,2013-11-29,46.93,46.8875,46.9362,-0.0487,-0.1596,0.0
231,2013-12-02,46.88,46.9317,46.9535,-0.0218,-0.16,0.0
232,2013-12-03,48.41,47.0875,46.9785,0.109,-0.1326,1.0
233,2013-12-04,48.12,47.1875,46.9881,0.1994,-0.0801,1.0
234,2013-12-05,48.2,47.2592,46.9869,0.2723,-0.017,1.0
235,2013-12-06,49.74,47.4925,47.0819,0.4106,0.0568,1.0
236,2013-12-09,49.61,47.7558,47.185,0.5708,0.1382,1.0
237,2013-12-10,50.51,48.0442,47.3035,0.7407,0.2344,1.0
238,2013-12-11,51.02,48.345,47.4492,0.8958,0.3476,1.0
239,2013-12-12,50.75,48.6658,47.6065,1.0593,0.4707,1.0
240,2013-12-13,50.73,48.97,47.7673,1.2027,0.6067,1.0
241,2013-12-16,51.7,49.3833,47.9958,1.3875,0.7488,1.0
242,2013-12-17,51.95,49.8017,48.2042,1.5975,0.9041,1.0
243,2013-12-18,52.62,50.28,48.4185,1.8615,1.0807,1.0
244,2013-12-19,50.98,50.4942,48.6104,1.8838,1.2444,1.0
245,2013-12-20,50.94,50.7292,48.7869,1.9423,1.3968,1.0
246,2013-12-23,50.93,50.9567,48.9558,2.0009,1.5368,1.0
247,2013-12-24,50.72,51.0383,49.1019,1.9364,1.6524,1.0
248,2013-12-26,51.33,51.1817,49.2554,1.9263,1.7488,1.0
249,2013-12-27,50.91,51.215,49.4081,1.8069,1.8159,1.0
250,2013-12-30,51.35,51.2425,49.5965,1.646,1.8446,1.0
251,2013-12-31,51.16,51.2767,49.7546,1.5221,1.8362,1.0
252,2014-01-02,50.35,51.245,49.8677,1.3773,1.7824,1.0
253,2014-01-03,50.66,51.1583,50.0123,1.146,1.7005,1.0
254,2014-01-06,48.81,50.8967,50.0788,0.8179,1.5755,1.0
255,2014-01-07,48.91,50.5875,50.1623,0.4252,1.4005,1.0
256,2014-01-08,48.78,50.4042,50.2335,0.1707,1.2043,1.0
257,2014-01-09,49.62,50.2942,50.3388,-0.0446,0.9853,0.0
258,2014-01-10,49.31,50.1592,50.3735,-0.2143,0.7607,0.0
259,2014-01-13,48.65,49.9867,50.3938,-0.4071,0.5326,0.0
260,2014-01-14,49.41,49.8267,50.4404,-0.6137,0.2953,0.0
261,2014-01-15,48.93,49.6617,50.4092,-0.7475,0.0592,0.0
262,2014-01-16,49.31,49.4917,50.3977,-0.906,-0.1688,0.0
263,2014-01-17,48.88,49.3017,50.335,-1.0333,-0.3745,0.0
264,2014-01-21,48.82,49.1742,50.2504,-1.0762,-0.5413,0.0
265,2014-01-22,47.92,48.9458,50.1415,-1.1957,-0.6932,0.0
266,2014-01-23,47.72,48.855,50.0258,-1.1708,-0.8183,0.0
267,2014-01-24,46.66,48.6675,49.8319,-1.1644,-0.9239,0.0
268,2014-01-27,45.72,48.4125,49.5923,-1.1798,-1.0097,0.0
269,2014-01-28,46.56,48.1575,49.3592,-1.2017,-1.075,0.0
270,2014-01-29,46.49,47.9225,49.1865,-1.264,-1.1324,0.0
271,2014-01-30,47.17,47.7992,49.0415,-1.2423,-1.1698,0.0
272,2014-01-31,48.07,47.6875,48.9315,-1.244,-1.1932,0.0
273,2014-02-03,46.23,47.4625,48.7588,-1.2963,-1.2177,0.0
274,2014-02-04,46.82,47.255,48.5854,-1.3304,-1.2326,0.0
275,2014-02-05,46.6,47.065,48.4196,-1.3546,-1.2531,0.0
276,2014-02-06,46.8,46.8967,48.2446,-1.3479,-1.2734,0.0
277,2014-02-07,47.74,46.8817,48.1131,-1.2314,-1.2792,0.0
278,2014-02-10,48.38,46.9367,48.0373,-1.1006,-1.2679,0.0
279,2014-02-11,48.49,47.0892,47.9538,-0.8646,-1.2236,0.0
280,2014-02-12,49.37,47.3933,47.9754,-0.5821,-1.1502,0.0
281,2014-02-13,49.16,47.61,47.985,-0.375,-1.0537,0.0
282,2014-02-14,49.53,47.8633,48.0138,-0.1505,-0.9263,0.0
283,2014-02-18,50.24,48.1192,48.0377,0.0815,-0.7695,1.0
284,2014-02-19,49.98,48.2783,48.0635,0.2148,-0.5951,1.0
285,2014-02-20,50.64,48.6458,48.14,0.5058,-0.3891,1.0
286,2014-02-21,49.83,48.8967,48.1562,0.7405,-0.17,1.0
287,2014-02-24,49.65,49.1508,48.1838,0.967,0.0597,1.0
288,2014-02-25,49.52,49.3775,48.1919,1.1856,0.2875,1.0
289,2014-02-26,49.54,49.5275,48.2173,1.3102,0.4978,1.0
290,2014-02-27,49.71,49.6383,48.2515,1.3868,0.6935,1.0
291,2014-02-28,49.71,49.74,48.3204,1.4196,0.868,1.0
292,2014-03-03,48.91,49.7017,48.3662,1.3355,1.0073,1.0
293,2014-03-04,50.37,49.8025,48.5088,1.2937,1.1272,1.0
294,2014-03-05,50.48,49.8817,48.6919,1.1898,1.2032,1.0
295,2014-03-06,50.81,49.9292,48.8554,1.0738,1.2402,1.0
296,2014-03-07,50.24,49.9508,48.9996,0.9512,1.2385,1.0
297,2014-03-10,50.44,49.9342,49.1254,0.8088,1.1966,1.0
298,2014-03-11,50.53,49.9925,49.22,0.7725,1.1369,1.0
299,2014-03-12,50.42,50.0567,49.3812,0.6755,1.0578,1.0
300,2014-03-13,50.11,50.1058,49.5077,0.5981,0.9665,1.0
301,2014-03-14,50.0,50.1442,49.6385,0.5057,0.8743,1.0
302,2014-03-17,50.75,50.2308,49.7904,0.4404,0.7795,1.0
303,2014-03-18,51.85,50.4092,49.9485,0.4607,0.6985,1.0
304,2014-03-19,51.86,50.655,50.0823,0.5727,0.6428,1.0
305,2014-03-20,52.41,50.825,50.2331,0.5919,0.6029,1.0
306,2014-03-21,52.2,50.9683,50.3419,0.6264,0.5827,1.0
307,2014-03-24,50.15,50.9133,50.38,0.5333,0.5561,1.0
308,2014-03-25,50.47,50.9325,50.4162,0.5163,0.5384,1.0
309,2014-03-26,50.28,50.9192,50.4177,0.5015,0.5277,1.0
310,2014-03-27,50.44,50.9117,50.4354,0.4763,0.5244,1.0
311,2014-03-28,49.78,50.8583,50.4023,0.456,0.5261,1.0
312,2014-03-31,50.19,50.865,50.4162,0.4488,0.5248,1.0
313,2014-04-01,50.87,50.9375,50.4631,0.4744,0.5139,1.0
314,2014-04-02,52.08,51.0483,50.5615,0.4868,0.5022,1.0
315,2014-04-03,52.24,51.0808,50.6654,0.4154,0.4788,1.0
316,2014-04-04,50.97,51.0067,50.7138,0.2929,0.452,1.0
317,2014-04-07,49.42,50.7575,50.7027,0.0548,0.4008,1.0
318,2014-04-08,47.94,50.4025,50.6654,-0.2629,0.3158,0.0
319,2014-04-09,49.43,50.3425,50.6292,-0.2867,0.2311,0.0
320,2014-04-10,46.23,49.9892,50.4658,-0.4766,0.1274,0.0
321,2014-04-11,45.77,49.6133,50.2719,-0.6586,0.0044,0.0
322,2014-04-14,46.13,49.2542,50.1138,-0.8596,-0.1438,0.0
323,2014-04-15,47.15,49.035,49.9873,-0.9523,-0.3037,0.0
324,2014-04-16,47.4,48.8025,49.8669,-1.0644,-0.4682,0.0
325,2014-04-17,47.83,48.5492,49.7673,-1.2181,-0.636,0.0
326,2014-04-21,48.69,48.2667,49.7127,-1.446,-0.8028,0.0
327,2014-04-22,49.27,48.0192,49.6846,-1.6654,-0.9586,0.0
328,2014-04-23,49.39,47.8875,49.6323,-1.7448,-1.1206,0.0
329,2014-04-24,48.59,47.8183,49.5069,-1.6886,-1.2553,0.0
330,2014-04-25,48.41,47.8575,49.3742,-1.5167,-1.3507,0.0
331,2014-04-28,50.11,47.9142,49.2858,-1.3716,-1.4075,0.0
332,2014-04-29,50.61,48.2792,49.2246,-0.9454,-1.4068,0.0
333,2014-04-30,51.31,48.7408,49.2692,-0.5284,-1.3472,0.0
334,2014-05-01,50.84,49.1333,49.2835,-0.1502,-1.2286,0.0
335,2014-05-02,50.42,49.4058,49.2888,0.117,-1.0549,1.0
336,2014-05-05,50.6,49.6725,49.295,0.3775,-0.8279,1.0
337,2014-05-06,50.15,49.8658,49.3092,0.5566,-0.5722,1.0
338,2014-05-07,52.0,50.1417,49.3788,0.7629,-0.2998,1.0
339,2014-05-08,51.37,50.3167,49.3981,0.9186,-0.0292,1.0
340,2014-05-09,51.48,50.4908,49.375,1.1158,0.2472,1.0
341,2014-05-12,51.59,50.7408,49.35,1.3908,0.5067,1.0
342,2014-05-13,51.42,50.9917,49.3673,1.6244,0.7459,1.0
343,2014-05-14,52.08,51.1558,49.4696,1.6862,0.95,1.0
344,2014-05-15,51.91,51.2642,49.6223,1.6419,1.1194,1.0
345,2014-05-16,52.14,51.3333,49.7265,1.6068,1.256,1.0
346,2014-05-19,53.3,51.5383,49.9985,1.5398,1.3652,1.0
347,2014-05-20,52.74,51.7317,50.2665,1.4652,1.4433,1.0
348,2014-05-21,52.48,51.8883,50.5108,1.3775,1.4943,1.0
349,2014-05-22,52.83,52.1117,50.7292,1.3825,1.5239,1.0
350,2014-05-23,53.15,52.2075,50.9504,1.2571,1.509,1.0
351,2014-05-27,53.19,52.3592,51.1565,1.2027,1.4622,1.0
352,2014-05-28,53.27,52.5083,51.3327,1.1756,1.4055,1.0
353,2014-05-29,53.23,52.645,51.485,1.16,1.3519,1.0
354,2014-05-30,53.52,52.82,51.6438,1.1762,1.3041,1.0
355,2014-06-02,53.34,52.925,51.8265,1.0985,1.255,1.0
356,2014-06-03,53.56,53.0625,52.0246,1.0379,1.2076,1.0
357,2014-06-04,53.77,53.1983,52.1654,1.0329,1.1693,1.0
358,2014-06-05,54.48,53.2967,52.3142,0.9825,1.1248,1.0
359,2014-06-06,54.28,53.425,52.4285,0.9965,1.0959,1.0
360,2014-06-09,53.04,53.4717,52.5131,0.9586,1.0687,1.0
361,2014-06-10,53.17,53.5,52.6188,0.8812,1.036,1.0
362,2014-06-11,53.42,53.5225,52.7273,0.7952,0.9955,1.0
363,2014-06-12,52.86,53.495,52.8315,0.6635,0.9385,1.0
364,2014-06-13,53.35,53.5017,52.8835,0.6182,0.8852,1.0
365,2014-06-16,53.2,53.4992,52.9538,0.5454,0.8304,1.0
366,2014-06-17,53.49,53.4967,53.0312,0.4655,0.7674,1.0
367,2014-06-18,53.76,53.5317,53.1146,0.4171,0.7046,1.0
368,2014-06-19,53.38,53.5167,53.19,0.3267,0.6302,1.0
369,2014-06-20,52.51,53.4117,53.2065,0.2052,0.5464,1.0
370,2014-06-23,52.95,53.2842,53.2465,0.0377,0.4527,1.0
371,2014-06-24,52.79,53.16,53.2715,-0.1115,0.352,0.0
372,2014-06-25,54.18,53.255,53.3054,-0.0504,0.2727,0.0
373,2014-06-26,55.67,53.4633,53.4181,0.0452,0.209,1.0
374,2014-06-27,55.95,53.6742,53.5515,0.1227,0.162,1.0
375,2014-06-30,55.6,53.9025,53.6581,0.2444,0.1375,1.0
376,2014-07-01,56.04,54.1267,53.7692,0.3575,0.1308,1.0
377,2014-07-02,57.25,54.4642,53.9254,0.5388,0.1544,1.0
378,2014-07-03,57.35,54.7858,54.0823,0.7035,0.2098,1.0
379,2014-07-07,56.55,55.0183,54.21,0.8083,0.2954,1.0
380,2014-07-08,54.86,55.1417,54.2615,0.8802,0.4056,1.0
381,2014-07-09,54.19,55.2817,54.2942,0.9875,0.5209,1.0
382,2014-07-10,54.96,55.4492,54.3481,1.1011,0.6382,1.0
383,2014-07-11,54.55,55.5958,54.3781,1.2177,0.7599,1.0
384,2014-07-14,54.44,55.6175,54.3765,1.241,0.8706,1.0
385,2014-07-15,53.04,55.3983,54.3288,1.0695,0.9497,1.0
386,2014-07-16,53.25,55.1733,54.3369,0.8364,0.9828,1.0
387,2014-07-17,53.12,54.9667,54.335,0.6317,0.9748,1.0
388,2014-07-18,54.5,54.8383,54.3765,0.4618,0.9363,1.0
389,2014-07-21,53.6,54.5342,54.405,0.1292,0.8529,1.0
390,2014-07-22,53.65,54.2258,54.4165,-0.1907,0.722,0.0
391,2014-07-23,54.08,54.02,54.4504,-0.4304,0.5518,0.0
392,2014-07-24,53.68,53.9217,54.4577,-0.536,0.3569,0.0
393,2014-07-25,52.79,53.805,54.4204,-0.6154,0.1507,0.0
394,2014-07-28,53.34,53.67,54.4188,-0.7488,-0.0514,0.0
395,2014-07-29,53.03,53.5433,54.4388,-0.8955,-0.2438,0.0
396,2014-07-30,53.35,53.4525,54.4542,-1.0017,-0.4253,0.0
397,2014-07-31,51.95,53.3617,54.4219,-1.0602,-0.5944,0.0
398,2014-08-01,52.09,53.265,54.3415,-1.0765,-0.7284,0.0
399,2014-08-04,52.9,53.2467,54.235,-0.9883,-0.817,0.0
400,2014-08-05,52.4,53.0717,54.0985,-1.0268,-0.8832,0.0
401,2014-08-06,51.66,52.91,53.9469,-1.0369,-0.9389,0.0
402,2014-08-07,52.04,52.7758,53.7931,-1.0173,-0.9836,0.0
403,2014-08-08,52.43,52.6383,53.6077,-0.9694,-1.0081,0.0
404,2014-08-11,52.92,52.575,53.4373,-0.8623,-1.0044,0.0
405,2014-08-12,52.45,52.5467,53.2796,-0.7329,-0.9745,0.0
406,2014-08-13,53.2,52.535,53.2158,-0.6808,-0.9324,0.0
407,2014-08-14,53.79,52.5983,53.2004,-0.6021,-0.8796,0.0
408,2014-08-15,53.5,52.6108,53.1442,-0.5334,-0.8291,0.0
409,2014-08-18,53.91,52.7742,53.1196,-0.3454,-0.7534,0.0
410,2014-08-19,54.88,53.0067,53.1365,-0.1298,-0.6526,0.0
411,2014-08-20,54.65,53.1525,53.1985,-0.046,-0.5447,0.0
412,2014-08-21,54.55,53.3317,53.2485,0.0832,-0.4277,1.0
413,2014-08-22,54.79,53.5925,53.3127,0.2798,-0.3008,1.0
414,2014-08-25,55.46,53.8775,53.3496,0.5279,-0.1607,1.0
415,2014-08-26,55.34,54.12,53.4165,0.7035,-0.0069,1.0
416,2014-08-27,55.29,54.3175,53.4796,0.8379,0.1531,1.0
417,2014-08-28,55.19,54.5458,53.5223,1.0235,0.3261,1.0
418,2014-08-29,54.87,54.685,53.5681,1.1169,0.4885,1.0
419,2014-09-02,54.66,54.7575,53.64,1.1175,0.6271,1.0
420,2014-09-03,55.1,54.8908,53.7077,1.1831,0.7637,1.0
421,2014-09-04,55.13,54.9925,53.7885,1.204,0.8882,1.0
422,2014-09-05,55.53,55.0467,53.8723,1.1744,0.9876,1.0
423,2014-09-08,55.16,55.0892,53.9958,1.0934,1.0505,1.0
424,2014-09-09,56.53,55.2542,54.1665,1.0877,1.0932,1.0
425,2014-09-10,56.77,55.4192,54.3154,1.1038,1.1227,1.0
426,2014-09-11,57.42,55.5825,54.5085,1.074,1.1283,1.0
427,2014-09-12,57.45,55.7583,54.7312,1.0271,1.1183,1.0
